"coord.Dim.1"	"coord.Dim.2"	"coord.Dim.3"	"coord.Dim.4"	"coord.Dim.5"	"coord.Dim.6"	"cor.Dim.1"	"cor.Dim.2"	"cor.Dim.3"	"cor.Dim.4"	"cor.Dim.5"	"cor.Dim.6"	"cos2.Dim.1"	"cos2.Dim.2"	"cos2.Dim.3"	"cos2.Dim.4"	"cos2.Dim.5"	"cos2.Dim.6"	"contrib.Dim.1"	"contrib.Dim.2"	"contrib.Dim.3"	"contrib.Dim.4"	"contrib.Dim.5"	"contrib.Dim.6"
"QC_04"	0.413664162532155	0.69227453831827	0.349215782918708	0.313205379698833	-0.153370834208023	0.0356150643768769	0.413664162532152	0.692274538318265	0.349215782918706	0.31320537969883	-0.153370834208022	0.0356150643768766	0.171118039363427	0.479244036403767	0.121951663039525	0.0980976098722884	0.0235226127856645	0.00126843281056907	1.69591370541329	7.62539734768163	2.82337339678665	2.90678939132906	0.783611715141505	0.0624585235905969
"QC_05"	0.482428321533869	0.655773881350563	0.294212887232363	0.351366469683035	-0.156542344390295	0.0313169244401501	0.482428321533866	0.655773881350559	0.294212887232361	0.351366469683033	-0.156542344390294	0.0313169244401499	0.232737085417984	0.430039383461578	0.0865612230136023	0.123458396017518	0.0245055055872094	0.000980749756390057	2.30660668148504	6.8424871776261	2.00402887634842	3.65827012790041	0.816354944859941	0.048292807695883
"QC_08"	0.549121808761419	0.591197713599492	0.213491878157281	0.399217603968395	-0.133650518608479	0.0120366438233526	0.549121808761439	0.591197713599514	0.213491878157288	0.39921760396841	-0.133650518608483	0.012036643823353	0.301534760857434	0.349514736565293	0.0455787820391265	0.159374695318278	0.0178624611243166	0.000144880794530262	2.98844549352576	5.56123507593311	1.05522071171336	4.72252763549032	0.595054381322952	0.00713403220698165
"QC_MA"	0.449272702896927	0.698644182651811	0.321954759360716	0.290348259228383	-0.160951194920193	0.0378655581070287	0.449272702896918	0.698644182651796	0.321954759360709	0.290348259228377	-0.160951194920189	0.0378655581070279	0.201845961568302	0.488103693953196	0.103654867075012	0.0843021116369486	0.0259052871462367	0.00143380049075671	2.00045146542966	7.76636604848353	2.39977370421101	2.4980066700091	0.862986041425963	0.0706013444543136
"SLOPE"	0.320876056307331	-0.39230624591451	-0.244140176151388	-0.378795989827953	0.00231202519175183	-0.288178210506347	0.320876056307357	-0.392306245914542	-0.244140176151408	-0.378795989827984	0.00231202519175202	-0.28817821050637	0.102961443511362	0.153904190583561	0.0596044256112407	0.143486401909762	5.34546048729596e-06	0.0830466810106538	1.02042849386074	2.44881629718187	1.37993648800799	4.25173203928408	0.000178073987734184	4.08927697376158
"bfiws"	0.506404248111119	-0.210804669137422	-0.169157468528228	0.308185325706255	0.306533186606856	-0.222359388180833	0.506404248111153	-0.210804669137436	-0.169157468528239	0.308185325706275	0.306533186606876	-0.222359388180848	0.256445262505022	0.0444386085301437	0.0286142491588821	0.0949781949806829	0.0939625944913658	0.0494436975121609	2.54157327297817	0.707076190583782	0.662465011387477	2.81435612892931	3.1301875560944	2.43464243571854
"elevws"	0.808569667453131	-0.17830579519117	-0.272903177486136	0.29139620185634	-0.00924352862682965	-0.206355236515756	0.808569667453129	-0.17830579519117	-0.272903177486135	0.29139620185634	-0.00924352862682964	-0.206355236515756	0.653784907125264	0.0317929565987553	0.0744761442820291	0.0849117464563006	8.5442821475019e-05	0.0425824836374735	6.47952015176639	0.505867383853789	1.72424023765033	2.51607112670457	0.00284636730165334	2.09679143952772
"na2ows"	0.659253646271511	-0.427070873433009	0.291580215848363	-0.0239434621230596	0.290363283960092	0.227542248904872	0.659253646271369	-0.427070873432917	0.2915802158483	-0.0239434621230544	0.290363283960029	0.227542248904823	0.434615370122095	0.182389530934754	0.0850190222741414	0.00057328937843814	0.0843108366720527	0.0517754750366642	4.30737849449188	2.90205519482688	1.96832449617292	0.0169874830342534	2.80865735161417	2.54946080079905
"sio2ws"	0.311233626355836	-0.0921652101858955	-0.465182370665086	-0.144292851468323	-0.587692424142609	0.438763308139122	0.311233626355857	-0.092165210185902	-0.465182370665118	-0.144292851468333	-0.58769242414265	0.438763308139153	0.0968663701746175	0.00849442596861149	0.216394637977619	0.0208204269848624	0.345382385394665	0.192513240569213	0.960021546435839	0.135157390245637	5.00987726485681	0.616942618289279	11.5057662116377	9.47948734643509
"k2ows"	0.296362749363292	0.0981952589462733	-0.70421521336528	0.0498510130018962	0.0171493868360262	0.32954387093361	0.296362749363311	0.0981952589462797	-0.704215213365326	0.0498510130018994	0.0171493868360273	0.329543870933631	0.0878308792101807	0.00964230887952692	0.495919066735171	0.00248512349731555	0.000294101468851707	0.108599162869922	0.870472758834444	0.153421703704862	11.4813087831803	0.0736381918738162	0.00979743868304204	5.34749914974685
"fe2o3ws"	-0.610821795472836	0.183229952456135	0.213642872629774	0.167177973420985	0.55087595393381	-0.342086528881431	-0.610821795472955	0.183229952456171	0.213642872629816	0.167177973421018	0.550875953933917	-0.342086528881497	0.373103265824804	0.0335732154770906	0.0456432770255196	0.0279484747971586	0.303464316622603	0.117023193242191	3.69774539493542	0.534193623301257	1.05671387239875	0.828158098346541	10.1093443912706	5.76230432929458
"p2o5ws"	0.171950292968695	-0.228240477306215	0.750119518427225	-0.209706035928334	0.224787358416069	0.12818800444614	0.171950292968675	-0.228240477306189	0.750119518427138	-0.20970603592831	0.224787358416043	0.128188004446125	0.0295669032520132	0.0520937154809568	0.562679291925362	0.0439766215047657	0.0505293565036626	0.0164321644838798	0.293031153455618	0.828878921144845	13.0269133208153	1.30309777193343	1.68329071585836	0.809131334753746
"al2o3ws"	0.587151972810369	-0.392629975660673	0.401746710427085	-0.112850444456066	0.304421257479889	0.278547135302497	0.58715197281038	-0.392629975660681	0.401746710427092	-0.112850444456068	0.304421257479894	0.278547135302502	0.344747439175121	0.154158297787307	0.16140041933899	0.0127352228139322	0.0926723020056401	0.0775885065852302	3.41671695852865	2.45285947404049	3.73667434157252	0.37736506139081	3.08720388259777	3.82051262671012
"caows"	0.2530080913965	-0.567305598886387	0.608667879757008	0.135831796446175	-0.0801810227871673	0.00926381894295186	0.25300809139655	-0.567305598886499	0.608667879757128	0.135831796446201	-0.080181022787183	0.00926381894295368	0.064013094312125	0.321835642527969	0.370476587848038	0.0184502769258023	0.00642899641519877	8.58183414078275e-05	0.634419868142813	5.12082460814091	8.57711749222318	0.546711273646777	0.214169954394721	0.00422575548082816
"mgows"	0.392813468819308	-0.327321058666382	0.706840023632236	-0.0236646377272181	-0.037212263448968	-0.0397728833911434	0.392813468819225	-0.327321058666312	0.706840023632086	-0.0236646377272131	-0.0372122634489601	-0.039772883391135	0.154302421285792	0.107139075446435	0.499622819008208	0.000560015078760238	0.00138475255099482	0.00158188225324482	1.52925776855919	1.70472235371612	11.5670564915439	0.0165941442614606	0.0461304333587198	0.0778929945745822
"sws"	0.19886236573213	0.555620367205473	-0.0238368161040143	-0.188347488585949	-0.0550109695521857	0.15808655171795	0.198862365732119	0.555620367205444	-0.023836816104013	-0.188347488585939	-0.0550109695521829	0.158086551717942	0.0395462405045753	0.308713992453513	0.000568193801976535	0.0354747764566305	0.00302620677107119	0.0249913578340694	0.391934196527614	4.91204205045988	0.0131545829284823	1.05117447813621	0.100812401235348	1.23059203438621
"nws"	-0.746064499271007	0.439423745372892	-0.177730839309599	0.223609846894764	0.0707026617233217	-0.0974119646160593	-0.746064499270998	0.439423745372887	-0.177730839309597	0.223609846894761	0.0707026617233209	-0.0974119646160582	0.556612237072485	0.193093227997536	0.0315882512416938	0.0500013636282985	0.00499886637476234	0.00948909085036018	5.51646293379482	3.07236496812073	0.731317851548336	1.48162053627959	0.166527855106215	0.467249506471412
"hydrlcondws"	-0.710351733175739	0.229703493210499	0.105517467998275	0.370018331740773	0.179174077383242	-0.165789380146388	-0.710351733175677	0.229703493210479	0.105517467998265	0.37001833174074	0.179174077383226	-0.165789380146374	0.504599584825688	0.0527636947930964	0.0111339360527649	0.136913565824201	0.0321033500061304	0.0274861185693188	5.00097683935234	0.839539165366363	0.257768185110499	4.0569683724711	1.06946287767094	1.353435807377
"compstrgthws"	0.860268639925808	-0.241226126611818	0.15697004057741	-0.107789508692998	-0.0305193000680639	0.0275993502570902	0.860268639925723	-0.241226126611794	0.156970040577395	-0.107789508692988	-0.0305193000680609	0.0275993502570875	0.740062132839653	0.0581900441601293	0.0246395936388689	0.0116185781842756	0.000931427676644342	0.000761724134613395	7.33459498840331	0.925879457426089	0.570445465471693	0.344277091484227	0.0310287656339982	0.0375078320545351
"wetindexws"	-0.681742966098218	0.0200684487083796	0.139671671520238	0.271922341221992	0.253005681768498	0.236020210284235	-0.681742966098214	0.0200684487083795	0.139671671520237	0.271922341221991	0.253005681768496	0.236020210284234	0.464773471824391	0.000402742633560859	0.0195081758252571	0.0739417596556489	0.0640118750071416	0.055705539662614	4.6062688873232	0.00640816030346151	0.45164504748915	2.191012837347	2.13243552579921	2.74297994671342
"kffactws"	-0.673339096308869	-0.508439717469895	0.116837337361488	0.268648194963269	-0.165309082144028	0.138852647373981	-0.673339096308867	-0.508439717469894	0.116837337361488	0.268648194963268	-0.165309082144028	0.13885264737398	0.453385538618041	0.258510946300865	0.0136509634017221	0.072171852657022	0.0273270926393009	0.0192800576827629	4.49340555583093	4.11324614294935	0.316041339234863	2.13856765653224	0.910350824036161	0.949363598586395
"pctcarbresidws"	0.010652551162713	0.0145423636262878	0.0240559111596667	0.161824076252974	-0.0372026834988647	-0.247957600800923	0.0106525511627124	0.014542363626287	0.0240559111596654	0.161824076252966	-0.0372026834988627	-0.24795760080091	0.000113476846274206	0.000211480339839155	0.000578686861721716	0.0261870316551257	0.00138403965951655	0.0614829717949432	0.00112464436572227	0.00336492788642195	0.0133975138159917	0.775963715167211	0.0461066847165334	3.02746476776487
"pctglactilloamws"	-0.250819583611981	0.281840857597518	-0.0166573514616452	-0.15643737647589	0.466752692219782	0.166844266045145	-0.25081958361176	0.28184085759727	-0.0166573514616306	-0.156437376475752	0.46675269221937	0.166844266044998	0.0629104635231765	0.0794342690111646	0.000277467357716285	0.0244726527586162	0.21785807569403	0.0278370091120941	0.623491933988624	1.26390276815777	0.00642380707838576	0.725163921008489	7.25753307712337	1.37071390446168
"pcteolfinews"	-0.558716816931582	-0.302313456330995	-0.127581040689736	0.234772673613653	-0.305369493745088	0.0550092847587135	-0.558716816931609	-0.30231345633101	-0.127581040689742	0.234772673613665	-0.305369493745103	0.0550092847587162	0.312164481522189	0.0913934258788013	0.0162769219434777	0.0551182082757083	0.0932505277101403	0.00302602140966552	3.09379434527231	1.45418854352633	0.376836422328151	1.63324084341566	3.10646638715739	0.149003422196585
"pctglactilcrsws"	-0.138027326556627	0.0898272125874355	-0.143396004482597	0.277706487525235	0.276439487486028	-0.525014028808896	-0.13802732655661	0.0898272125874244	-0.143396004482579	0.277706487525201	0.276439487485994	-0.525014028808832	0.0190515428763651	0.00806892812122634	0.0205624141015679	0.0771208932135847	0.0764187902415188	0.275639730446081	0.188815701684632	0.128387164827251	0.476052326808164	2.28521565953513	2.54574863072626	13.5726941648983
"pctcolluvsedws"	-0.0332103497508386	-0.0649338024608162	0.0445249821108766	-0.0321790258408816	0.0147376521283482	0.0474295544695413	-0.0332103497508349	-0.064933802460809	0.0445249821108716	-0.032179025840878	0.0147376521283466	0.0474295544695361	0.00110292733057278	0.00421639870201937	0.00198247403197344	0.00103548970406789	0.000217198390256159	0.00224956263717869	0.010930873115143	0.0670883997230701	0.045897401496536	0.030683219402942	0.00723555689435842	0.11077004621139
"pcteolcrsws"	-0.0471672214585728	-0.000787970413753228	0.00408656417555669	0.0475320442737874	0.0101242584900867	0.106620775091215	-0.0471672214585798	-0.000787970413753344	0.00408656417555728	0.0475320442737943	0.0101242584900882	0.10662077509123	0.00222474678012271	6.20897372950615e-07	1.67000067609482e-05	0.00225929523284595	0.000102500609974123	0.0113679896810547	0.0220489819163358	9.87928658728209e-06	0.000386631503333598	0.0669465384861541	0.00341461552407981	0.55976780618995
"pctsallakews"	0.0528082331131314	0.114132544680514	0.126316648615506	0.39289533975099	-0.0982950406807503	0.171882884727272	0.0528082331131462	0.114132544680546	0.126316648615541	0.3928953397511	-0.0982950406807777	0.17188288472732	0.00278870948453239	0.0130262377552568	0.0159558957174621	0.154366747998132	0.00966191502243575	0.0295437260621852	0.0276382937346968	0.207264423308259	0.369404158727692	4.57413413067708	0.321868572648195	1.45475384729303
"pctextruvolws"	0.189762205190294	-0.0890816612999072	0.254739564711346	0.0629021508806887	0.154447993584521	-0.0828199578822741	0.18976220519044	-0.0890816612999757	0.254739564711542	0.062902150880737	0.15444799358464	-0.0828199578823378	0.0360096945187387	0.00793554237996359	0.0648922458294259	0.00395668058542301	0.0238541827223209	0.0068591454236322	0.356884257727373	0.126264823805787	1.50235786840296	0.117242786705412	0.794657345535167	0.337749144206069
"pctglaclakecrsws"	-0.336850322140791	-0.183797818836189	0.0637662919630472	0.106479647126798	0.0571118730202343	0.362499016960543	-0.336850322140824	-0.183797818836207	0.0637662919630534	0.106479647126809	0.0571118730202399	0.362499016960578	0.113468139526377	0.0337816382089471	0.00406613999071737	0.0113379152522497	0.00326176603988001	0.131405537297386	1.12455807503612	0.537509900658969	0.0941375557435292	0.335960599018941	0.108659616352561	6.4705010646484
"pctalkintruvolws"	0.0611193922371633	0.135249790159045	0.141472140808739	0.431084456503057	-0.107989428082346	0.178123669445284	0.0611193922371505	0.135249790159017	0.14147214080871	0.431084456502967	-0.107989428082324	0.178123669445246	0.00373558010743865	0.0182925057380582	0.0200143666249994	0.185833808638458	0.0116617165775473	0.0317280416166394	0.0370225227301842	0.291057611867656	0.463364163096869	5.50655356643259	0.388488209711076	1.5623110812689
"pctglaclakefinews"	-0.14385086308344	0.240121414512612	0.0464152012264298	-0.0775841455224976	0.225111313349337	0.00509400529425104	-0.143850863083491	0.240121414512696	0.046415201226446	-0.0775841455225247	0.225111313349416	0.00509400529425282	0.0206930708098652	0.0576582937075779	0.00215437090489148	0.0060192996364603	0.0506751033978988	2.59488899378758e-05	0.205084528341163	0.917418614550845	0.0498770852981812	0.178361494732236	1.68814600020847	0.00127774158854054
"pctalluvcoastws"	-0.250382935599481	0.368546926958105	0.090759681764437	-0.0925498452378998	0.102755192556145	-0.174595594237249	-0.250382935599117	0.368546926957568	0.0907596817643047	-0.0925498452377649	0.102755192555995	-0.174595594236994	0.0626916144392314	0.135826837369867	0.00823731983395786	0.00856547385353424	0.0105586295972196	0.0304836215269691	0.621322968272685	2.1611820424502	0.190706949790012	0.253808717272992	0.351740936418743	1.50103496094551
"pctsilicicws"	0.719919062127231	-0.294083881652378	0.195683960943172	-0.0663915053475114	0.164300709113196	0.0218324494108451	0.719919062127341	-0.294083881652423	0.195683960943202	-0.0663915053475216	0.164300709113222	0.0218324494108485	0.518283456014311	0.0864853294477562	0.0382922125704205	0.00440783198230999	0.0269947230151075	0.000476655847277259	5.13659471329365	1.37609433125728	0.886525132833573	0.130611125608626	0.89927855355095	0.0234708691179287
"pctnoncarbresidws"	0.0789408435290157	0.430673848530864	-0.315010336777636	-0.226442311969648	-0.541088948455775	-0.0644027792944629	0.0789408435291168	0.430673848531415	-0.31501033677804	-0.226442311969938	-0.541088948456468	-0.0644027792945454	0.00623165677708851	0.185479963808861	0.0992315122770142	0.0512761206502906	0.292777250141726	0.00414771798086192	0.0617605962234252	2.95122801044293	2.29736606211188	1.51939362975748	9.75332482100794	0.204236550170848
"runoffws"	0.166656701945208	0.638120312247723	0.185492690963874	-0.544286871934209	-0.0328514101908597	-0.0662646364675391	0.166656701945207	0.638120312247721	0.185492690963873	-0.544286871934208	-0.0328514101908596	-0.0662646364675389	0.0277744563032536	0.407197532903128	0.0344075384010189	0.296248198959924	0.00107921515152811	0.00439100204617508	0.27526660123221	6.47904355927337	0.796588797143882	8.77830890128855	0.0359520281017008	0.216216028631696
"clayws"	-0.250160664077088	-0.0411621695422743	0.530108365852456	-0.184738521074309	-0.456291909737571	-0.270696621830341	-0.250160664077083	-0.0411621695422735	0.530108365852446	-0.184738521074305	-0.456291909737562	-0.270696621830336	0.0625803578514874	0.00169432420142687	0.28101487954675	0.0341283211687215	0.208202306891952	0.0732766610703559	0.620220328405024	0.0269589067161358	6.50593780550885	1.01127685013187	6.93586925426301	3.6081943213451
"sandws"	0.544980452799136	0.274617771601719	-0.295422659384451	-0.0746565481689473	0.529306432255308	0.163720984464783	0.544980452799134	0.274617771601718	-0.29542265938445	-0.0746565481689471	0.529306432255306	0.163720984464783	0.297003693933149	0.0754149204794936	0.0872745476777806	0.00557360018450231	0.280165299226841	0.0268045607541176	2.94353907380762	1.19994969351157	2.02054346770302	0.165154705694798	9.33318133706948	1.31987542126534
"rckdepws"	-0.163529991742404	0.355804242993098	-0.082763998469967	-0.0622412536079672	0.216483034030578	0.197728042587445	-0.163529991742402	0.355804242993093	-0.0827639984699659	-0.0622412536079664	0.216483034030575	0.197728042587442	0.02674205819927	0.126596659331888	0.00684987944273651	0.00387397365069119	0.046864904023083	0.0390963788254613	0.265034727956307	2.0143178776698	0.158585515833025	0.114792047683709	1.5612163561971	1.92513318705583
"omws"	0.038438389550499	0.469958219910781	0.315649263851329	-0.467861314276771	-0.123253686203072	-0.11558367121006	0.0384383895504989	0.469958219910778	0.315649263851328	-0.467861314276768	-0.123253686203071	-0.115583671210059	0.0014775097912359	0.220860728461707	0.099634457769885	0.218894209396785	0.0151914711626452	0.0133595850503951	0.0146432784887017	3.51418209740646	2.30669488598596	6.48618622335747	0.506075361685072	0.657835362723179
"wtdepws"	0.166199832605546	-0.577458889794592	-0.0486069916863373	0.334440756916801	-0.284730646862055	-0.0336653697880518	0.166199832605554	-0.577458889794617	-0.0486069916863394	0.334440756916815	-0.284730646862068	-0.0336653697880532	0.0276223843581141	0.333458769402832	0.00236263964079587	0.111850619887092	0.0810715412624916	0.00113335712296637	0.273759449228045	5.3057637082895	0.0546988351102189	3.31431311858283	2.70074630215298	0.0558073017439533
"permws"	0.266041550920062	0.342866006019424	-0.257252295642209	0.00777717881342831	0.552301783620861	0.394704662714285	0.266041550920056	0.342866006019417	-0.257252295642203	0.00777717881342815	0.55230178362085	0.394704662714277	0.070778106815949	0.117557098083707	0.0661787436131835	6.04845102960357e-05	0.305037260190772	0.155791770768391	0.701466437079992	1.87048667450383	1.53214232174656	0.00179225297229102	10.1617440553133	7.67129634985803
"precip9120ws"	0.419326403508262	0.556124016040373	0.179845335680576	-0.461540701026184	-0.071605787654606	-0.126725608899215	0.419326403508259	0.55612401604037	0.179845335680575	-0.461540701026181	-0.0716057876546056	-0.126725608899215	0.175834632679172	0.30927392121687	0.0323443447660588	0.213019818703739	0.00512738882563647	0.0160593799508767	1.74265883688387	4.92095124699119	0.748822609490685	6.31211861284893	0.170809339441365	0.790775162195769
"tmax9120ws"	-0.860287636350177	-0.108154993997176	0.259299211837	-0.041889284590259	-0.0678885535295588	0.239216516326577	-0.860287636350173	-0.108154993997175	0.259299211836998	-0.0418892845902587	-0.0678885535295584	0.239216516326575	0.740094817256967	0.011697502726529	0.0672360812592886	0.00175471216348369	0.00460885570033572	0.0572245416834226	7.33491891655984	0.186122516901227	1.55662135636588	0.0519949334982858	0.153535381170784	2.81777667442364
"tmean9120ws"	-0.830380251577337	0.0188141518760783	0.306104288811908	-0.20597733293452	-0.0552809387724091	0.237912030755887	-0.830380251577345	0.0188141518760784	0.306104288811911	-0.205977332934522	-0.0552809387724097	0.237912030755889	0.689531362209655	0.000353972310816146	0.0936998356290457	0.042426661682819	0.0030559821915589	0.0566021343783913	6.83379550066037	0.0056321608930278	2.16929902065033	1.25716997844979	0.101804313508434	2.78712890102922
"tmin9120ws"	-0.716179296856112	0.176895868863801	0.336798383758714	-0.393524498515886	-0.0343149861450045	0.214333781541436	-0.716179296856114	0.176895868863801	0.336798383758714	-0.393524498515887	-0.0343149861450046	0.214333781541436	0.512912785245318	0.0312921484210792	0.113433151302482	0.15486153093218	0.00117751827413186	0.0459389699098522	5.0833671623118	0.497898872908076	2.62615641081745	4.58879534195249	0.0392268122087717	2.26206718395663
"wsareasqkmws"	0.178174903172569	0.457812914096885	0.289308917003296	0.619552417100396	-0.169843078986532	0.206577174089184	0.178174903172568	0.457812914096882	0.289308917003294	0.619552417100392	-0.16984307898653	0.206577174089183	0.0317462961205539	0.209592664313879	0.0836996494576191	0.383845197534938	0.0288466714796248	0.0426741288546724	0.314630642609287	3.33489250809594	1.93777893395697	11.3739483516443	0.960972742281773	2.10130411447016
