"Variable"	"N"	"NumNAs"	"Min"	"Max"	"Mean"	"Median"	"SD"	"Kurtosis"	"Skewness"	"SkewnessSq"
"QC_04"	56322	0	0	298946.329	1531.30549437165	5.609	13020.8964392037	194.183752052846	12.6572093411034	160.204948304514
"QC_05"	56322	0	0	906855.422	4856.44215264018	3.285	45637.6336672269	176.980539962226	12.3269793924842	151.95442094273
"QC_08"	56322	0	0	86281.347	640.772574074074	1.244	5558.56925809132	131.219267629601	10.9660663908768	120.254612089118
"QC_MA"	56322	0	0	315276.619	1656.64672998118	3.0175	14742.5534383653	173.478896282707	12.1926236829466	148.66007227395
"SLOPE"	56298	24	1e-05	3.07348837	0.0652907911588334	0.02841391	0.0920720736875601	47.1509822084178	3.52604070979529	12.4329630871337
"al2o3ws"	56295	27	1.6518	16.5934	12.9599774278355	12.9776	2.05121128396369	2.89864576541423	-0.495921332813369	0.245937968339389
"bfiws"	56314	8	22.2736	80	61.40843515822	63.98825	9.913218568073	2.87179348255103	-0.711158077632103	0.505745811381388
"caows"	56295	27	0.594	36.1664	4.26578921929123	4.1191	2.25513976386421	25.8149505028249	2.22534597990542	4.95216473028123
"clayws"	56065	257	0	44.27	14.6712023173283	12.116984029641	7.72174091637759	3.36105872948896	0.93490331924188	0.874044216329485
"compstrgthws"	56295	27	0.3874	219.7411	95.1334683257838	109.4631	54.9737762533891	2.00565641152134	-0.562250141027408	0.316125221085341
"elevws"	56322	0	0.1314	2812.932	890.708453400092	841.09345	496.221326244712	2.38725572107457	0.239457965273464	0.0573401171329076
"fe2o3ws"	56295	27	1.1304	31.2015	8.31964813216094	8.31	4.06066734331703	6.09374071324421	1.47533716305004	2.17661974467654
"hydrlcondws"	56295	27	0.001	316.345	26.2362770174971	5.521	43.7892135641438	10.1613378615752	2.59573534445029	6.73784197842844
"k2ows"	56295	27	0.1182	3.7029	2.13066433608669	2.0754	0.569268926886224	3.36780072220496	0.704172058295238	0.495858287683752
"kffactws"	56118	204	0.0158	0.55	0.305003348301793	0.2944	0.0867317429674876	3.02383440553036	0.611468853601864	0.373894158925178
"mgows"	56295	27	0.5487	36.7947	2.55880473043787	2.1449	1.64783692272791	63.2430247097109	4.71145268765598	22.1977864280207
"na2ows"	56295	27	0.2001	3.8711	2.16193445243805	2.1384	0.874996478488663	1.65403321834561	-0.00758913898233231	5.75950304931559e-05
"nws"	56295	27	0.0042	0.9065	0.111270336619593	0.0675	0.130982763601136	11.7159535937531	2.44732965555982	5.98942244298256
"omws"	56254	68	0.01	19.71	1.41294738784443	1.16918331168416	0.994201692961403	44.2799933649539	4.61839282106415	21.3295522496569
"p2o5ws"	56295	27	0.0378	0.5063	0.18251815791811	0.1597	0.0587939837145946	2.02198549666727	0.580240987913467	0.336679604054796
"pctalkintruvolws"	56295	27	0	1.69	0.00644266808775202	0	0.0910314419801449	232.145675472803	14.9074733983914	222.232763123748
"pctalluvcoastws"	56295	27	0	100	4.70090203392841	0	16.603123254197	24.8038716784502	4.63612286098822	21.4936351821776
"pctcarbresidws"	56295	27	0	100	0.345007904787281	0	4.02111101349429	407.019435775333	18.9186776193358	357.916362864358
"pctcoastcrsws"	56295	27	0	0	0	0	0	NA	NA	NA
"pctcolluvsedws"	56295	27	0	100	0.227537969624301	0	3.58895068493721	462.731888793654	20.4272851461326	417.273978441411
"pcteolcrsws"	56295	27	0	97.05	0.0529707789324096	0	1.55138056466733	2019.49343518391	42.4892154682282	1805.33343110552
"pcteolfinews"	56295	27	0	100	13.5508059330314	0	30.8972946582931	5.59993021088175	2.06763794029921	4.27512665216477
"pctextruvolws"	56295	27	0	100	3.02443982591705	0	14.6982682061536	34.7201865653917	5.62410101431271	31.6305122191932
"pctglaclakecrsws"	56295	27	0	100	7.18467892352784	0	21.3885273904591	13.3246608127214	3.3372523403306	11.1372531830421
"pctglaclakefinews"	56295	27	0	100	1.27290700772715	0	8.07214854653898	88.7875878332171	8.73486810961807	76.2979208924227
"pctglactilclayws"	56295	27	0	0	0	0	0	NA	NA	NA
"pctglactilcrsws"	56295	27	0	100	2.89161772803979	0	12.7850278123765	35.0655655239812	5.51311004766908	30.3943823977098
"pctglactilloamws"	56295	27	0	100	4.0227768007816	0	17.8441352250751	23.8510447347462	4.68016610537054	21.9039547738592
"pcthydricws"	56295	27	0	0	0	0	0	NA	NA	NA
"pctnoncarbresidws"	56295	27	0	100	15.0211182165379	0	30.4967334816695	5.34386303681488	1.95698190902592	3.82977819225472
"pctsallakews"	56295	27	0	0.01	3.30402344790834e-05	0	0.000573861078600697	300.664605298788	17.3108233570442	299.664605298788
"pctsilicicws"	56295	27	0	100	47.5244984456879	44.62	43.0338180713439	1.24834149790856	0.0774646480719818	0.00600077170091599
"permws"	56251	71	0.72	38.32	7.48074858070134	5.92680906999671	5.31517347523348	6.98684283097853	1.9189235839185	3.6822677209186
"precip9120ws"	56322	0	182.254650550688	5842.10273725755	1300.59883217708	915.754569474718	1008.02363487449	3.1382872397484	0.97988396808586	0.960172590911691
"rckdepws"	56251	71	43.98	152.4	129.278697470425	134.596678403756	19.8978957043101	3.98625927001453	-1.14292931339748	1.30628741542323
"runoffws"	56321	1	17	3740	916.740978169777	542	901.9627125069	3.29806699783636	1.03642119340534	1.07416889013975
"sandws"	56065	257	3.08621216180016	100	36.6587453481133	37.2005470281355	16.0527652604716	3.45943461200054	0.390702679278862	0.152648583595681
"sio2ws"	56295	27	9.8712	77.7209	59.5709939355183	60.2634	6.30672038533261	5.89909614596332	-0.854458378605021	0.730099120768321
"sws"	56295	27	0.0147	0.8384	0.0729593107736033	0.0351	0.100249841342468	28.4970493063194	4.45500617879254	19.8470800530797
"tmax9120ws"	56322	0	2.42653289555809	18.6276446844686	12.729476060142	13.338390069507	2.90215659030389	2.34174966966888	-0.442251022320335	0.195585966743381
"tmean9120ws"	56322	0	-2.26164782502886	12.3398761749286	7.53859210103988	7.97782347564267	2.4976322244784	2.45576941674033	-0.499121517959526	0.249122289690221
"tmin9120ws"	56322	0	-7.13095486707709	7.61964273455	2.34786192689007	2.43074052154694	2.30567390716322	2.51214067511821	-0.278944956575574	0.0778102887989488
"wetindexws"	56321	1	463.6429	2229.25	690.524741567089	668.7339	106.537010302271	15.2834934765433	2.19636730691691	4.82402934689346
"wsareasqkmws"	56322	0	9e-04	620843.8293	4020.11409244167	7.6437	34263.1375147488	164.459777704267	11.652443197397	135.779432468563
"wtdepws"	56251	71	19.35	182.88	167.435659677697	177.561130011384	23.7498299433544	9.45183716716444	-2.39765899667335	5.74876866432866
