"coord.Dim.1"	"coord.Dim.2"	"coord.Dim.3"	"coord.Dim.4"	"coord.Dim.5"	"coord.Dim.6"	"cor.Dim.1"	"cor.Dim.2"	"cor.Dim.3"	"cor.Dim.4"	"cor.Dim.5"	"cor.Dim.6"	"cos2.Dim.1"	"cos2.Dim.2"	"cos2.Dim.3"	"cos2.Dim.4"	"cos2.Dim.5"	"cos2.Dim.6"	"contrib.Dim.1"	"contrib.Dim.2"	"contrib.Dim.3"	"contrib.Dim.4"	"contrib.Dim.5"	"contrib.Dim.6"
"QC_04"	0.680346733000248	0.377337007217981	0.278370994863342	0.454596539068874	0.241300741093306	0.0995805943106203	0.680346733000249	0.377337007217981	0.278370994863342	0.454596539068875	0.241300741093306	0.0995805943106203	0.462871677104111	0.142383217016223	0.0774904107812068	0.206658013333399	0.0582260476521785	0.00991629476325634	6.09843680877682	2.66163988673212	1.71371516925253	6.06805244583616	2.32024747902661	0.453250511500487
"QC_05"	0.701457014089632	0.367237486402391	0.309502081887116	0.418102605704476	0.236969470070379	0.0774174883342039	0.701457014089633	0.367237486402392	0.309502081887116	0.418102605704477	0.236969470070379	0.077417488334204	0.492041942615544	0.134863371419147	0.0957915386924593	0.174809788896873	0.0561545297454362	0.00599346749997661	6.48276151412424	2.5210676942878	2.11844809297514	5.13290024403975	2.23769964357006	0.273947303391158
"QC_08"	0.699802826276285	0.376089479211736	0.310432898516571	0.412494852911194	0.234959389852069	0.0912461088459135	0.699802826276284	0.376089479211736	0.31043289851657	0.412494852911193	0.234959389852069	0.0912461088459134	0.489723995664275	0.141443296373755	0.0963685844813992	0.170152003678227	0.0552059148796565	0.00832585237952028	6.45222204993228	2.6440694853549	2.13120957032299	4.99613475146443	2.19989832715511	0.380555130700441
"QC_MA"	0.671524758769112	0.381978384226958	0.275694810343399	0.454660051730618	0.254703970632873	0.127193001513656	0.671524758769114	0.381978384226959	0.2756948103434	0.454660051730618	0.254703970632873	0.127193001513656	0.450945501639916	0.145907486016638	0.0760076284502833	0.206715762639689	0.0648741126561516	0.016178059634053	5.94130680701517	2.72752078997094	1.68092315605262	6.06974812563885	2.58516595946371	0.739461056703394
"SLOPE"	-0.111069236247268	-0.365420741395563	0.0299602436281577	-0.109312985910486	-0.0132400645232727	-0.233002591967214	-0.11106923624727	-0.365420741395568	0.0299602436281581	-0.109312985910487	-0.0132400645232728	-0.233002591967217	0.0123363752405518	0.133532318242086	0.000897616198258591	0.0119493288886663	0.000175299308580428	0.0542902078634414	0.162534474618417	2.49618565901934	0.0198509529064924	0.350865438118736	0.00698549524155479	2.48147771632913
"wetindexws"	-0.276313093659777	0.444723708144721	-0.117026954400188	0.105349365256538	0.251543596538801	0.219913007696584	-0.276313093659777	0.444723708144721	-0.117026954400188	0.105349365256538	0.2515435965388	0.219913007696584	0.0763489257278367	0.197779176585991	0.0136953080561836	0.0110984887599554	0.0632741809596748	0.0483617309541576	1.00591399733555	3.69718395326277	0.302874341829662	0.325882412100244	2.5214103443215	2.21050097998728
"pctglactilloamws"	0.495601253424282	0.200432338598619	0.0574280347200302	-0.442145978712124	-0.339911117115187	0.294217617629723	0.495601253424258	0.20043233859861	0.0574280347200274	-0.442145978712103	-0.339911117115171	0.294217617629709	0.245620602395695	0.0401731223561077	0.00329797917180467	0.195493066491283	0.115539567538483	0.0865640065237015	3.23610580801874	0.750976042530445	0.0729354364962509	5.74021864012008	4.60413167506119	3.95663714836154
"na2ows"	-0.389372628574092	-0.238796178432064	0.744283097619617	0.16374638782163	-0.137229388801793	0.14688732711531	-0.389372628574095	-0.238796178432065	0.744283097619622	0.163746387821631	-0.137229388801794	0.146887327115311	0.1516110438827	0.0570236148337588	0.55395732940226	0.026812879524632	0.0188319051509138	0.0215758868670804	1.99750906431754	1.06597063128505	12.2508716748923	0.787300509450201	0.750431846459713	0.986183044378294
"rckdepws"	-0.13907953101125	0.203963336361955	0.0344510782406248	0.128969122392029	0.141057314222413	-0.346422092846216	-0.139079531011249	0.203963336361954	0.0344510782406246	0.128969122392029	0.141057314222412	-0.346422092846214	0.019343115946309	0.0416010425798995	0.00118687679194164	0.01663303453057	0.0198971658956404	0.120008266411951	0.25484983445396	0.777668861405812	0.0262480059387873	0.488392026212283	0.792881379909479	5.48529561031746
"pctglactilcrsws"	0.0260293202785975	-0.532688019653855	0.328155724888509	0.0294911522764367	0.307187654240624	0.00458455298556913	0.0260293202785995	-0.532688019653897	0.328155724888535	0.029491152276439	0.307187654240648	0.00458455298556949	0.000677525514165913	0.283756526282791	0.10768617977712	0.000869728062592113	0.0943642549178718	2.10181260774941e-05	0.00892654862860586	5.30440106848166	2.3815003423318	0.0255376281436974	3.76031747666099	0.000960689110483451
"sio2ws"	-0.612647187232765	0.514673584899726	0.269713829525702	-0.0293074733585773	0.235272341529494	-0.238245896576689	-0.612647187232769	0.514673584899729	0.269713829525703	-0.0293074733585775	0.235272341529496	-0.23824589657669	0.375336576024223	0.264888898993539	0.0727455498374201	0.000858927994663729	0.0553530746887716	0.0567611072356309	4.94514247496615	4.95169918118523	1.60878166724385	0.025220508194898	2.20576249259102	2.59441671532514
"k2ows"	-0.48431778149875	0.5115244633565	0.235284112934259	-0.150016900818493	0.272378651660803	-0.273750082051142	-0.484317781498752	0.511524463356502	0.235284112934259	-0.150016900818494	0.272378651660805	-0.273750082051143	0.234563713475873	0.261657276612157	0.0553586137992614	0.0225050705311857	0.0741901298805579	0.0749391074230076	3.09042884890726	4.89128886591501	1.22426627062859	0.660811289519958	2.95639956282658	3.42529035106193
"clayws"	0.260725190544324	-0.123307954899814	-0.0705880100186064	-0.558728091592117	0.525404914712172	0.425497139256182	0.260725190544326	-0.123307954899815	-0.0705880100186068	-0.558728091592121	0.525404914712175	0.425497139256184	0.067977624984375	0.0152048517415748	0.00498266715838694	0.312177080334173	0.276050324403708	0.181047815515197	0.895620256939356	0.284231812676435	0.110192631663463	9.16638491438359	11.0003185019241	8.27526984094619
"hydrlcondws"	0.451488857959727	-0.389128697358825	-0.244322579306357	0.314294680419094	0.0422901723576019	-0.127511464588137	0.451488857959728	-0.389128697358825	-0.244322579306357	0.314294680419095	0.0422901723576019	-0.127511464588137	0.203842188861779	0.151421143108176	0.0596935227589113	0.0987811461397408	0.00178845867803568	0.0162591736014117	2.68566596149001	2.83059030858512	1.32013360655557	2.90048842417126	0.0712682194031813	0.743168585379469
"runoffws"	0.0472503384217921	0.203293169154842	-0.0871540812399227	0.14798466219793	0.125158796680327	-0.183359229312925	0.0472503384217924	0.203293169154843	-0.0871540812399233	0.147984662197931	0.125158796680328	-0.183359229312926	0.00223259448097391	0.0413281126250198	0.00759583387677514	0.0218994602458357	0.0156647243864677	0.0336206069742301	0.0294149265019313	0.772566846790485	0.167983310535096	0.643028891857431	0.624222984951103	1.5367188725058
"pctglaclakecrsws"	0.216938914803548	0.53079857379252	-0.0612152051967959	0.23941984432716	-0.158720239019768	0.0907344066252357	0.216938914803543	0.530798573792508	-0.0612152051967945	0.239419844327154	-0.158720239019764	0.0907344066252336	0.0470624927561388	0.28174712594016	0.00374730134728565	0.0573218618576389	0.0251921142744911	0.00823273254563324	0.620058759983898	5.26683835419352	0.0828722818457634	1.68312884864518	1.00387956925931	0.376298842101965
"fe2o3ws"	0.248890803083446	-0.753599010958248	0.0150121971891275	0.409571533318762	-0.110583913417753	-0.0447465291523073	0.248890803083445	-0.753599010958243	0.0150121971891274	0.40957153331876	-0.110583913417753	-0.044746529152307	0.061946631859522	0.567911469317243	0.000225366064445245	0.16774884090508	0.012228801906785	0.00200225187117826	0.816160587477227	10.6162499383281	0.00498401336863515	4.92557122717562	0.487305045419352	0.0915182239365332
"bfiws"	-0.168023283603609	0.32172528689391	0.069688555485259	0.242645557936928	-0.265105364805019	0.0191013990901199	-0.168023283603611	0.321725286893914	0.0696885554852599	0.242645557936931	-0.265105364805022	0.0191013990901201	0.0282318238329395	0.103507160226971	0.00485649476562214	0.0588768667865244	0.070280854448404	0.000364863447200042	0.371960528496479	1.93491053226506	0.107402305205748	1.72878810622628	2.80061900013989	0.0166770500493815
"p2o5ws"	0.313242500445046	-0.546212407393536	-0.311857720031565	0.405376449914144	0.0749452028531167	-0.185166362193432	0.313242500445045	-0.546212407393534	-0.311857720031564	0.405376449914143	0.0749452028531166	-0.185166362193431	0.0981208640850643	0.29834799399064	0.0972552375432852	0.164330066144994	0.00561678343069479	0.034286581687949	1.29276410470619	5.57716659008716	2.15081807138397	4.82518651810923	0.223822981651761	1.56715901036437
"al2o3ws"	-0.280189256436382	-0.465710740458373	0.489612569916402	0.360519914726268	0.00981747634979281	-0.172433944774893	-0.280189256436384	-0.465710740458376	0.489612569916405	0.36051991472627	0.00981747634979286	-0.172433944774894	0.0785060194223735	0.216886493778289	0.239720468620146	0.129974608914237	9.63828418787422e-05	0.0297334653106313	1.03433418426304	4.0543664824485	5.30146374645746	3.81641500756246	0.0038407560689413	1.35904676922895
"omws"	-0.23503235992919	-0.280977235461485	0.449269780824466	-0.0349655415231012	0.181036722228996	0.160209874646117	-0.235032359929187	-0.280977235461481	0.449269780824461	-0.0349655415231008	0.181036722228994	0.160209874646115	0.0552402102138827	0.0789482068475766	0.201843335962059	0.00122258909400368	0.0327742947954179	0.0256672039341237	0.727801997738453	1.47581787190236	4.46380375537527	0.035898606700304	1.30602158213121	1.17318752514663
"pctglaclakefinews"	0.444285423502519	0.374488454233511	-0.149992949981834	-0.319270346298192	-0.278937024640629	0.132709964499862	0.444285423502393	0.374488454233405	-0.149992949981792	-0.319270346298102	-0.27893702464055	0.132709964499825	0.197389537536701	0.140241602354125	0.0224978850442402	0.10193355402531	0.0778058637153227	0.0176119346775447	2.6006508519016	2.62160562478825	0.497545005733617	2.99305186302418	3.10048279796497	0.805000112611967
"compstrgthws"	-0.352967910750798	0.000226627853911807	0.565938648757572	0.0706789644413312	-0.235290212189185	0.424844020396811	-0.352967910750796	0.000226627853911806	0.565938648757569	0.0706789644413309	-0.235290212189184	0.424844020396809	0.124586346019782	5.13601841686708e-08	0.320286554157543	0.00499551601449891	0.0553614839520313	0.180492441666924	1.64145268768985	9.60101321194811e-07	7.08319804778379	0.146682205451624	2.20609759299141	8.24988500852524
"kffactws"	0.425052295515625	0.00316008364006204	-0.239742061558073	-0.222279119639768	0.0280816015058086	-0.127982723106929	0.425052295515626	0.00316008364006205	-0.239742061558074	-0.222279119639768	0.0280816015058087	-0.12798272310693	0.180669453923103	9.98612861218783e-06	0.0574762560801152	0.0494080070278305	0.000788576343131035	0.016379577413865	2.38036004907345	0.000186675640466864	1.27109833234003	1.45075612144512	0.0314239476307876	0.748671960469049
"wtdepws"	0.121366621152607	-0.0042869904188995	-0.131420528130989	0.157335302374187	-0.588867825474875	0.0196931047349135	0.121366621152608	-0.00428699041889951	-0.131420528130989	0.157335302374188	-0.588867825474876	0.0196931047349135	0.0147298567300006	1.83782868517362e-05	0.0172713552142282	0.0247543973731771	0.346765315879509	0.000387818374100274	0.194069123071532	0.000343554404511114	0.381959304716315	0.726857764199896	13.8182374113657	0.017726265770312
"caows"	0.552130031526104	-0.525733784592684	-0.026835273279994	0.118143862286207	-0.314467282292022	0.359074790017552	0.552130031526104	-0.525733784592684	-0.026835273279994	0.118143862286207	-0.314467282292022	0.359074790017552	0.304847571713016	0.276396012262147	0.000720131892011958	0.0139579721959022	0.0988896716321302	0.128934704826149	4.01643423946792	5.16680733998875	0.0159258537251517	0.409844776672734	3.9406506290254	5.89330211614503
"mgows"	0.496914988016868	-0.652171630676071	-0.278891861101435	0.249387521192535	-0.140364966707342	0.17555699918521	0.496914988016869	-0.652171630676073	-0.278891861101435	0.249387521192535	-0.140364966707343	0.175556999185211	0.246924505315805	0.425327835858688	0.0777806701886224	0.0621941357265573	0.0197023238787534	0.0308202599629161	3.25328501762748	7.95086356792981	1.72013431124043	1.82619232288539	0.785117128054506	1.40872159675317
"pctalluvcoastws"	0.425436228221665	0.445590946800298	-0.168153531983846	-0.307432857828799	-0.278102673368744	0.0971651687894353	0.42543622822165	0.445590946800282	-0.16815353198384	-0.307432857828788	-0.278102673368734	0.0971651687894318	0.180995984283464	0.198551291870372	0.0282756103186402	0.0945149620727759	0.0773410969348366	0.00944107002587877	2.38466215885332	3.71161748609878	0.625320498813026	2.77522142753112	3.08196232483773	0.431529106435776
"permws"	-0.295312946679138	0.518871866335381	-0.206032711620698	0.379077745339469	-0.429949850843445	-0.115844316823832	-0.29531294667914	0.518871866335385	-0.206032711620699	0.379077745339472	-0.429949850843448	-0.115844316823833	0.0872097364763165	0.269228013674365	0.0424494782577781	0.143699937011657	0.184856874240303	0.0134199057403805	1.14900758313467	5.03281239768374	0.938778283452478	4.21942870825592	7.36635429900676	0.613392329124179
"pctsilicicws"	-0.0305397020041508	0.102154208086618	0.0675784193029323	0.111757177593362	-0.0316968571007599	0.0461517670246911	-0.0305397020041591	0.102154208086645	0.0675784193029506	0.111757177593392	-0.0316968571007685	0.0461517670247036	0.000932673398502837	0.0104354822298096	0.0045668427554854	0.0124896667436409	0.00100469075006654	0.00212998559950252	0.0122881784851879	0.195075629854366	0.100996595924101	0.366731256189519	0.0400358821187266	0.0973566322412989
"elevws"	0.580978853387545	-0.162463949354134	0.545337265493945	-0.383091609659453	-0.109873256191029	-0.314954856532866	0.580978853387546	-0.162463949354135	0.545337265493946	-0.383091609659453	-0.109873256191029	-0.314954856532866	0.337536428083508	0.0263945348397428	0.297392733136414	0.146759181391471	0.0120721324260195	0.0991965616536384	4.44711715827131	0.493406092328953	6.57689684263413	4.30925660818545	0.481061929452448	4.5340415328514
"sandws"	-0.339394123646832	0.220580214088578	0.0437765079270989	0.533615555329655	-0.488789363404997	-0.399728430314753	-0.33939412364683	0.220580214088577	0.0437765079270987	0.533615555329652	-0.488789363404994	-0.399728430314751	0.115188371166	0.0486556308473625	0.00191638264629133	0.284745560889773	0.238915041777859	0.159782818001895	1.51763228862194	0.909543768509599	0.0423811666235001	8.36091942106633	9.52051608754322	7.30329681774877
"sws"	0.580886270013118	-0.0211512241566926	-0.709294950490271	-0.00191483237968412	0.1124888148045	-0.165246689477597	0.580886270013116	-0.0211512241566926	-0.709294950490269	-0.00191483237968412	0.1124888148045	-0.165246689477597	0.337428858689751	0.000447374283326655	0.503099326790993	3.66658304228673e-06	0.012653733456121	0.0273064683833053	4.44569990769665	0.00836298871281125	11.1261372764791	0.000107661047538067	0.504238125988295	1.24811444773358
"nws"	0.307924381124733	0.168076273541063	-0.755029341543504	-0.00273347086017308	0.258228378090166	-0.390336771553475	0.307924381124737	0.168076273541065	-0.755029341543513	-0.00273347086017311	0.258228378090169	-0.390336771553479	0.094817424491052	0.0282496337274509	0.57006930659163	7.47186294341553e-06	0.0666818952510793	0.152362795226793	1.24924055679383	0.528084373216455	12.6071911141327	0.000219394619533085	2.65720421686979	6.96414502784594
"precip9120ws"	0.0945130842849052	-0.38513097589737	0.221104150604293	0.0657109860771424	0.310420025063832	-0.317929793172373	0.0945130842849055	-0.385130975897371	0.221104150604294	0.0657109860771426	0.310420025063833	-0.317929793172374	0.00893272310104565	0.148325868595661	0.0488870454144461	0.00431793369123043	0.0963605919606307	0.101079353386629	0.117690604235814	2.77272881145406	1.08114630522763	0.126786509138451	3.83986943283105	4.62009951482957
"tmax9120ws"	-0.566998064950117	-0.0161020680079353	-0.543753219615929	0.353592422616741	0.181198715147276	0.315497557463782	-0.566998064950117	-0.0161020680079353	-0.54375321961593	0.353592422616742	0.181198715147276	0.315497557463782	0.321486805657177	0.000259276594132173	0.29566756384269	0.125027601331976	0.0328329743710238	0.0995387087656127	4.23565983000258	0.00484678559102663	6.53874439566193	3.67115714422149	1.30835990222776	4.54968027264415
"tmean9120ws"	-0.65533350115365	-0.0260047979628929	-0.484645282003518	0.331974223130404	0.17931999801702	0.372173097382333	-0.655333501153651	-0.0260047979628929	-0.484645282003518	0.331974223130404	0.17931999801702	0.372173097382334	0.429461997734302	0.000676249517090879	0.234881049368269	0.110206884823035	0.0321556616888242	0.13851281441516	5.65825688739344	0.0126414666404632	5.19443906948516	3.23597980166166	1.28136969583811	6.33109497870825
"tmin9120ws"	-0.678512725657727	-0.0312120883701054	-0.417885773452568	0.298973535990986	0.168127043472462	0.389717485737054	-0.678512725657727	-0.0312120883701054	-0.417885773452568	0.298973535990985	0.168127043472462	0.389717485737054	0.460379518879477	0.000974194460423266	0.174628519654051	0.0893851752229531	0.0282667027467911	0.151879718689211	6.06560207249422	0.0182110988052799	3.86194291781762	2.6245966579486	1.1263987241659	6.94206473546066
"wsareasqkmws"	0.701360151937278	0.418271760279904	0.222504688635747	0.28351823610644	0.106029189647745	0.15617627519215	0.701360151937278	0.418271760279904	0.222504688635747	0.28351823610644	0.106029189647745	0.15617627519215	0.491906062725481	0.17495126544765	0.0495083364648908	0.0803825902049073	0.0112421890573574	0.0243910289328941	6.48097126649383	3.27045052154333	1.09488627494691	2.36025579278471	0.447989548850964	1.11485656727565
