"Variable"	"N"	"NumNAs"	"Min"	"Max"	"Mean"	"Median"	"SD"	"Kurtosis"	"Skewness"	"SkewnessSq"
"QC_04"	1740	0	0.001	11390.995	240.405043103448	15.053	874.354301800268	46.3836049556347	6.11847785926617	37.4357713143303
"QC_05"	1740	0	0.001	1749.46	46.0426137931034	4.6485	151.939538022521	39.4635409883352	5.72096383270619	32.7294271751323
"QC_08"	1740	0	0	238.108	7.7494367816092	1.2195	21.7182662803259	33.4250492300562	5.18136108780353	26.8465027222045
"QC_MA"	1740	0	0.001	1585.971	42.1227620689655	4.6005	128.124119993658	37.5856997245705	5.40803133521532	29.2468029226708
"SLOPE"	1733	7	1e-05	0.3775	0.00764887920946336	0.00309523	0.0138186958106578	302.882352163043	12.3462116945571	152.42894320682
"al2o3ws"	1723	17	8.7641	16.43	13.5748362739408	14.2833	1.56824648017832	4.45572555052558	-1.65615724725778	2.74285682764446
"bfiws"	1736	4	50.2648	68	58.6104138824885	56.46285	4.98177556819907	1.68108260063352	0.431249065136964	0.185975756181505
"caows"	1723	17	0.45	6.9105	2.64222211259431	2.1328	1.57104037700972	2.89734646787338	1.06439368525568	1.13293391721216
"clayws"	1737	3	1.14	6.72	5.22588131973703	5.45345459333383	1.07337487049863	3.26870689036609	-0.913820651121199	0.835068182415573
"compstrgthws"	1723	17	77.5523	233.7508	160.143457515961	167.0622	30.9179526701516	3.66241575497294	-1.28399714330655	1.64864866401938
"elevws"	1740	0	0.0075	236.5204	97.6314574712644	98.46145	54.7024816711429	2.09542409458023	0.125118044292952	0.0156545250076932
"fe2o3ws"	1723	17	0.64	10.365	3.99029048171793	3.5956	1.88123729072982	2.64066137530569	0.686186090602339	0.470851350936122
"hydrlcondws"	1723	17	1e-04	1.6599	0.053340626813697	0.025	0.0910538019665766	104.695580831684	7.88700801573183	62.2048954402181
"k2ows"	1723	17	0.3133	4.6051	3.09120023215322	2.9611	1.03241790326971	1.59685668370889	0.109618292527192	0.0120161700565771
"kffactws"	1740	0	0.0691	0.3375	0.223026091954023	0.2252	0.037825905300507	5.49409741825162	-0.271493336842415	0.0737086319498291
"mgows"	1723	17	0.16	16.1533	1.66163418456181	1.4158	1.29661984497791	15.2937090447672	2.27851032356996	5.19160929461488
"na2ows"	1723	17	0.8191	3.9876	2.83951276842716	2.9997	0.796744299809783	3.61554295150522	-1.32495438051396	1.75550411044313
"nws"	1723	17	0.0011	0.1243	0.0157710969239698	0.0041	0.0253820370585588	5.97897560722124	2.10916388762257	4.44857230485116
"omws"	1737	3	0.13	43.6044444444445	2.95393244537837	2.5785664939551	2.86984527396	66.3855061270322	6.77259979554728	45.868107990647
"p2o5ws"	1723	17	0.0136	0.215	0.118912246082414	0.12	0.0207882746870533	5.45076845726147	-0.24967769228544	0.062338950024983
"pctalkintruvolws"	1730	10	0	0	0	0	0	NA	NA	NA
"pctalluvcoastws"	1730	10	0	0	0	0	0	NA	NA	NA
"pctcarbresidws"	1730	10	0	0	0	0	0	NA	NA	NA
"pctcoastcrsws"	1730	10	0	0	0	0	0	NA	NA	NA
"pctcolluvsedws"	1730	10	0	0	0	0	0	NA	NA	NA
"pcteolcrsws"	1730	10	0	0	0	0	0	NA	NA	NA
"pcteolfinews"	1730	10	0	0	0	0	0	NA	NA	NA
"pctextruvolws"	1730	10	0	0	0	0	0	NA	NA	NA
"pctglaclakecrsws"	1730	10	0	100	39.432549132948	34.48	35.9700859332648	1.89302623428149	0.498572496088717	0.248574533856133
"pctglaclakefinews"	1730	10	0	100	0.97521387283237	0	9.08780418087244	108.799794930005	10.2468164834249	104.997248044988
"pctglactilclayws"	1730	10	0	0	0	0	0	NA	NA	NA
"pctglactilcrsws"	1730	10	0	100	58.343289017341	63.395	36.5893047262475	1.76214815309689	-0.39852285366151	0.158820464890514
"pctglactilloamws"	1730	10	0	0	0	0	0	NA	NA	NA
"pcthydricws"	1730	10	0	0	0	0	0	NA	NA	NA
"pctnoncarbresidws"	1730	10	0	0	0	0	0	NA	NA	NA
"pctsallakews"	1730	10	0	0	0	0	0	NA	NA	NA
"pctsilicicws"	1730	10	0	99.74	1.09866473988439	0	7.10579566219004	99.056373478151	9.20414027490974	84.7161982002156
"permws"	1737	3	5.36	46.29	14.8032391926765	13.2293117408907	6.17994588849287	5.68711562941796	1.43932244802336	2.07164910938395
"precip9120ws"	1740	0	1193.28289022751	1346.48123669096	1287.22518073719	1286.69271597667	26.4613936831884	4.43956386284986	-0.651902349011174	0.424976672646286
"rckdepws"	1737	3	105.41	152.4	136.027136377637	139.342792224186	11.3492169386293	2.95695686723971	-0.907739832967118	0.823991604355171
"runoffws"	1740	0	668	701.9865	683.304549022988	682.28895	14.5589063008924	1.11105144659917	0.0659433324506038	0.00434852309469086
"sandws"	1737	3	35.97	87.49	50.4846575561655	49.1455555555556	7.29346489177083	5.56203527445932	0.946096099925434	0.895097830294117
"sio2ws"	1723	17	46.0667	74.6	67.4953556006965	68.1505	4.34070997173354	2.67069071471923	-0.58851286416167	0.346347391283772
"sws"	1723	17	0.0045	0.3678	0.0657676726639582	0.0285	0.100903938947412	6.66880634862553	2.26656198544271	5.137303233854
"tmax9120ws"	1740	0	14.102432496208	15.7545020683452	15.2420372892809	15.2916344798835	0.2788970095854	3.26622254617406	-0.572123332808758	0.327325107944201
"tmean9120ws"	1740	0	9.26002682691099	11.1781161676742	10.1994937782084	10.1609963416379	0.454274660933996	2.29520673292305	0.138980590309026	0.0193156044826454
"tmin9120ws"	1740	0	3.95848073198953	7.89787432598965	5.15718914269912	4.9661255839781	0.809412875209474	2.8022151317263	0.770765207604622	0.594079005253796
"wetindexws"	1740	0	679.5546	1349.2222	825.138716954023	812.99265	64.2359039685864	11.08914389136	2.02299505705015	4.09250900084933
"wsareasqkmws"	1740	0	0.0018	2247.6546	63.3102217241379	6.4116	189.008009818398	32.7526508604837	5.04837588767159	25.4860991032239
"wtdepws"	1737	3	47.24	165.96	115.305121670052	120.919367378049	26.6597805135696	2.78534896536596	-0.721351000631533	0.520347266112114
