"Variable"	"N"	"NumNAs"	"Min"	"Max"	"Mean"	"Median"	"SD"	"Kurtosis"	"Skewness"	"SkewnessSq"
"QC_04"	71034	0	-12	5.47928976666798	0.696645171576119	0.704965125278455	1.47424663023051	13.4600871144829	-1.00057517860545	1.00115068804134
"QC_05"	71034	0	-12	5.95933984000405	0.410761682508505	0.364269493693363	1.65579168853893	14.8420950050489	-1.26616865285808	1.60318305748044
"QC_08"	71034	0	-9.3690426555198	21.1620459125851	0.231585133525527	-0.530156554358892	3.34730748982134	9.15376445164375	1.65970082282652	2.75460682129102
"QC_MA"	71034	0	-12	5.50226949711537	0.329304627013005	0.329601248356722	1.57423184978498	14.6554380357555	-1.23309351499189	1.52051961671505
"SLOPE"	71023	11	-3.22792407483211	-0.177425067122374	-2.24469231280513	-2.21843483686489	0.535385452462115	2.42909632694666	-0.110644737873314	0.0122422580190543
"al2o3ws"	70896	138	3.575	16.68	13.5875178444482	14.28965	2.11830252597078	3.13984660756664	-0.988726539972357	0.977580170845709
"bfiws"	70879	155	31.2379	87.0268	60.2554386941125	61.6418	11.5461738396728	2.53953866128861	-0.30664144791546	0.0940289775796898
"caows"	70896	138	0.5681	24.5113	5.36996056618145	5.45155	2.59170088503197	2.15285965720098	-0.00908617764344577	8.25586241682538e-05
"clayws"	70921	113	2.32711942817056	46.52	26.1126412421267	25.8621228359439	8.1404374995937	2.9437985072017	-0.219357777276674	0.0481178344517631
"compstrgthws"	70896	138	0.4999	206.3885	111.003460130332	107.7071	43.6435686884841	2.67546879963646	0.25270312049867	0.0638588671097656
"elevws"	71034	0	0	2717.8481	1135.28207611989	1259.52565	547.994841166304	2.19474290017049	-0.365411763698021	0.133525757048898
"fe2o3ws"	70896	138	2.0902	35.4941	7.57965190842925	7.54645	2.89035380778409	8.16204877003722	1.07356949245815	1.15255145513684
"hydrlcondws"	70896	138	-12	2.56316949194351	-0.0794012028540316	-0.360314338756323	0.881011657162075	6.87326934519061	0.482059420680528	0.232381285066846
"k2ows"	70896	138	0.295	4.5	1.8235434058339	1.82195	0.667113540480961	3.00767952643188	0.572950512674443	0.328272289973907
"kffactws"	70974	60	0	0.55	0.314630771831938	0.33	0.0768061213341133	3.53312031497357	-0.411369956364028	0.169225240998942
"mgows"	70896	138	-0.901637688208959	4.66401209694422	1.30968291865909	1.38611013356699	0.726033376495096	3.42998799501464	-0.00139187991541736	1.93732969894223e-06
"na2ows"	70896	138	0.2855	4.1239	2.42955150361092	2.7152	0.810452013483368	2.47218435802762	-0.770797298467591	0.594128475324937
"nws"	70896	138	-2.44369749911208	-0.0257186411217088	-1.50369144785866	-1.46597389393117	0.518620930110956	2.471074670363	0.0289776930472119	0.00083970669433843
"omws"	70921	113	-3.09322291381875	2.49560188282788	0.458286045333654	0.364469603883789	0.406373873798649	4.47499338016752	0.0507921674728184	0.00257984427658683
"p2o5ws"	70896	138	0.08	0.335	0.223235525276461	0.2171	0.0711601316493803	1.74341750711751	0.0765907571295056	0.00586614407767091
"pctalkintruvolws"	71034	0	0	100	0.703277726159304	0	6.36304920760303	152.801331723127	11.7163721674049	137.27337676514
"pctalluvcoastws"	71034	0	0	100	2.64755778922769	0	10.3663983794191	49.8436985399572	6.35402396409384	40.3736205362788
"pctcarbresidws"	71034	0	0	98.33	0.106369344257679	0	1.51005413464536	1504.16516049327	34.2459598165593	1172.78576375739
"pctcoastcrsws"	71034	0	0	100	0.0671871216600501	0	2.01122387989566	1519.83924415809	36.9858740025286	1367.95487573092
"pctcolluvsedws"	71034	0	0	100	0.516381732691387	0	4.80697459460566	210.37090584862	13.5148852740442	182.652123970577
"pcteolcrsws"	71034	0	0	100	0.186953712306783	0	3.64470804742991	604.427855843834	23.7823436341826	565.599868734345
"pcteolfinews"	71034	0	0	100	0.455248894895402	0	5.80477864147352	224.526220880887	14.6089725249665	213.422078235225
"pctextruvolws"	71034	0	0	100	5.962588337979	0	19.631434072155	16.1928665023092	3.71900599085901	13.8310055600452
"pctglaclakecrsws"	71034	0	0	100	3.68563209167441	0	16.8878530647475	26.9840304954835	4.97339646852556	24.7346724331425
"pctglaclakefinews"	71034	0	0	100	0.678465945885069	0	5.82621974816547	194.079333828498	12.9721257400022	168.276046214428
"pctglactilcrsws"	71034	0	0	100	1.07389390995861	0	6.69474441890955	101.861919807605	9.18395500249037	84.345029487768
"pctglactilloamws"	71034	0	0	0.92	0.00254892023538024	0	0.0447816163438048	314.552290264028	17.6404676018978	311.186097213606
"pctnoncarbresidws"	71034	0	0	100	29.6100746121576	3.43	38.4935722740225	2.15023957647302	0.902352278663545	0.814239634809291
"pctsallakews"	71034	0	0	100	1.17550299856407	0	8.58147348964617	92.533821389246	9.13048415253516	83.3657408596957
"pctsilicicws"	71034	0	0	100	53.030455978827	57.75	41.5888929381034	1.32909186257041	-0.128656023195391	0.0165523723044531
"permws"	70921	113	-0.400015855612036	1.93248905120962	0.987249454046864	0.95597864996965	0.363729781077817	3.01114894713822	0.0109260741643457	0.000119379096644782
"precip9120ws"	71034	0	173.814187625659	4743.88870481881	990.829834642414	631.904383138364	793.166902708363	4.17275031224901	1.30001974436074	1.69005133572776
"rckdepws"	70921	113	42.38	152.4	104.859662063559	107.767997791682	25.9475907163383	2.38002100939483	-0.162156096453485	0.0262945996170319
"runoffws"	71034	0	10	2911	593.22286525889	252.17145	612.746011349224	3.90106551901858	1.2798335043154	1.63797379876823
"sandws"	70921	113	1.05591010493665	2.47571433691279	2.05357652671373	2.06179305238484	0.139146812937236	3.4105511848957	-0.0303724176752603	0.000922483755440466
"sio2ws"	70896	138	20.3401	74.4265	59.0909751805462	58.6337	6.62863834333455	2.93982150503974	0.212841234283483	0.0453013910113167
"sws"	70896	138	-25.5738027001988	0.568492776794196	-9.95418788902355	-9.95352307078709	3.82285528639871	2.84225063647683	-0.0161381721552836	0.000260440600513571
"tmax9120ws"	71034	0	5.20578206066482	20.2565714298188	14.6526738292543	14.7989250421952	2.04475172491663	3.30889116163673	-0.490359123841009	0.240452070334122
"tmean9120ws"	71034	0	0.523422206931363	13.0581393259445	8.44584058766851	8.25377115974799	2.08180700101608	2.49560445557867	-0.128099832267186	0.0164095670268811
"tmin9120ws"	71034	0	-5.11041238690397	7.90680542731421	2.23917248130879	1.8844150196627	2.53794558647907	2.00119062235408	0.169428096161076	0.0287058797687668
"wetindexws"	71034	0	0.499998017168667	0.499999907036153	0.499998961656437	0.499998961923675	2.82810168424405e-07	2.91744363766081	0.0631585761601658	0.00398900574257947
"wsareasqkmws"	71034	0	-10.1639563677029	7.36587832760132	2.24124366007056	1.96329399075933	1.64733422896956	4.04731269511454	0.363423424007438	0.13207658511729
"wtdepws"	70921	113	1.15620000000182	16722.0472000002	15495.8549322239	16678.6606167155	2815.76619253413	13.7010471101414	-3.24795027033295	10.5491809585559
