"Variable"	"N"	"NumNAs"	"Min"	"Max"	"Mean"	"Median"	"SD"	"Kurtosis"	"Skewness"	"SkewnessSq"
"QC_04"	7899	0	0.001	134763.687	1439.05879250538	12.652	11064.8278842662	119.21540995117	10.6358748100135	113.121832974279
"QC_05"	7899	0	0.001	34640.531	367.299510950753	4.784	2939.16717059869	122.13686032477	10.8521361895029	117.768859875519
"QC_08"	7899	0	0.001	4433.414	49.3974413216863	1.215	380.455928467659	121.367026631058	10.8130149170699	116.921291596775
"QC_MA"	7899	0	0.001	20371.568	226.15278807444	4.198	1706.32038769185	119.64600202097	10.6891069106575	114.257006547466
"SLOPE"	7873	26	1e-05	0.63636363	0.0139037983602185	0.00606965	0.0227055718536685	129.685235484233	6.94063270118702	48.1723822927866
"al2o3ws"	7829	70	0.998	16.24	13.4123893856176	14.2088	1.79604129489264	8.05858738211959	-2.09972028836823	4.40882528938515
"bfiws"	7892	7	43.4501	66.0382	49.7553117967562	49	3.39297150867697	7.98752649225902	1.91302811284961	3.65967656055294
"caows"	7829	70	0.6	32.6859	4.53231760122621	3.9224	2.99306591190863	17.9895977037312	2.98709759282355	8.92275202905227
"clayws"	7882	17	2.77	25.87	6.34227369741088	6.17476853017226	1.25585524725303	37.1368331798136	4.19765899508465	17.620341039015
"compstrgthws"	7829	70	68.75	242.4294	133.477431523822	131.5156	24.7248582571884	3.28112876078558	0.153289122286904	0.0234975550114894
"elevws"	7899	0	0	600.3421	164.97368211166	146.881	100.331941585091	3.14928332709582	0.766413116204874	0.587389064690866
"fe2o3ws"	7829	70	1.4473	10.9	5.63337046876996	5.7753	1.47050256838505	3.11463722512182	-0.224366786307191	0.0503404547978169
"hydrlcondws"	7829	70	0	8.5441	0.166005773406565	0.132	0.306957432064317	227.143390095703	13.0415739530263	170.082651172254
"k2ows"	7829	70	0.195	4.3541	2.2529695618853	2.3147	0.476943158583651	4.36941272531899	0.0300619862126081	0.000903723015047038
"kffactws"	7892	7	0.01	0.41	0.231601913329954	0.2333	0.027181510683085	28.8482225205692	-3.63887014429767	13.241375927061
"mgows"	7829	70	0.3325	6.573	2.50099869715162	2.5294	0.948123296071637	5.76583621798667	0.998598594989237	0.997199153914479
"na2ows"	7829	70	0.1402	4.6	2.30502679780304	2.3816	0.70253890342091	3.13043007131672	-0.753999976245402	0.568515964178067
"nws"	7805	94	0	0.0956	0.0225193593850096	0.0199	0.0157685270722184	4.00977052965705	1.059787249686	1.12314901459701
"omws"	7882	17	0.38	40.5876708633094	3.03790268551417	2.92100468416291	1.47124141288862	186.324200994653	10.4221498344211	108.621207171123
"p2o5ws"	7829	70	0.0813	0.25	0.136458653723336	0.1332	0.0193901425940439	10.5583401302979	2.03385293126383	4.13655774601046
"pctalkintruvolws"	7893	6	0	0	0	0	0	NA	NA	NA
"pctalluvcoastws"	7893	6	0	100	0.94921322690992	0	8.15678233748656	111.663539929338	10.2017490085889	104.075682834245
"pctcarbresidws"	7893	6	0	0	0	0	0	NA	NA	NA
"pctcoastcrsws"	7893	6	0	0	0	0	0	NA	NA	NA
"pctcolluvsedws"	7893	6	0	0	0	0	0	NA	NA	NA
"pcteolcrsws"	7893	6	0	0	0	0	0	NA	NA	NA
"pcteolfinews"	7893	6	0	0	0	0	0	NA	NA	NA
"pctextruvolws"	7893	6	0	0	0	0	0	NA	NA	NA
"pctglaclakecrsws"	7893	6	0	100	9.34859369061193	0	20.7401377817024	10.6873941314998	2.79693458817196	7.82284309051267
"pctglaclakefinews"	7893	6	0	100	1.11887748638034	0	8.94612394480989	97.6293094954185	9.58111642371959	91.7977919248693
"pctglactilclayws"	7893	6	0	0	0	0	0	NA	NA	NA
"pctglactilcrsws"	7893	6	0	100	87.1098289623717	100	25.2695380327958	7.28834076631068	-2.25961823664185	5.10587457536442
"pctglactilloamws"	7893	6	0	100	1.36085645508679	0	9.45582457266457	85.2763724113329	8.85137681552028	78.3468715303299
"pcthydricws"	7893	6	0	0	0	0	0	NA	NA	NA
"pctnoncarbresidws"	7893	6	0	0	0	0	0	NA	NA	NA
"pctsallakews"	7893	6	0	0	0	0	0	NA	NA	NA
"pctsilicicws"	7893	6	0	3.09	0.0043557582668187	0	0.107553219438117	620.447398046373	24.8046429764454	615.270313188921
"permws"	7882	17	4.99	32.01	11.7743763859602	10.76	4.41412891230485	6.91505299272011	1.88366503016035	3.54819394584901
"precip9120ws"	7899	0	1190.36619808772	1420.74477617438	1290.74679504017	1291.36024521511	36.8017762319553	2.98383865664846	0.0100655371980905	0.000101315039086143
"rckdepws"	7882	17	74.52	153.446438032167	133.161782181746	134.495671828894	11.1729917049076	5.78747967196297	-1.27608720862479	1.6283985640158
"runoffws"	7899	0	383	723	672.139597999747	677.0595	38.0540404436586	22.1873442940624	-3.05498051978953	9.33290597629349
"sandws"	7882	17	23.3	68.0620575783235	47.6239932741897	47.5429654804468	4.48930597595929	7.28525065626833	-0.415606656576767	0.172728892990919
"sio2ws"	7829	70	11.77	76.22	62.4003952739814	62.658	6.34105228716332	11.9232868792194	-1.99898100760813	3.995925068778
"sws"	7829	70	0.005	0.3338	0.0394901775450249	0.0319	0.0375165698950543	16.9983336390527	3.39594773180482	11.5324609971503
"tmax9120ws"	7899	0	12.2658369255253	16.6123000054525	15.1537252694478	15.3561357393171	0.780147671759236	3.94336293999623	-1.02246462992079	1.04543391943905
"tmean9120ws"	7899	0	6.50725552987879	11.9792491688647	9.85621446736124	9.99372952344738	0.936713129461673	3.43565027113727	-0.563466596881495	0.317494605801214
"tmin9120ws"	7899	0	0.748838723098693	7.67109910179412	4.55887221848199	4.58685001883553	1.15746632600301	3.25966320173867	-0.14844020814103	0.0220344953929523
"wetindexws"	7899	0	536.9091	2028.5195	788.044781225472	779.0359	72.0350608003158	97.9488886858498	7.78877939751116	60.6650845030943
"wsareasqkmws"	7899	0	0.0036	29106.4122	450.560689403722	5.5332	2956.61951878928	81.6515118499947	8.80637746906938	77.5522841277328
"wtdepws"	7882	17	7.31	169.552591850367	119.955737966464	124.448368072435	19.2505110811226	6.45079718827342	-1.08836192535254	1.18453168055709
