"coord.Dim.1"	"coord.Dim.2"	"coord.Dim.3"	"coord.Dim.4"	"coord.Dim.5"	"coord.Dim.6"	"coord.Dim.7"	"cor.Dim.1"	"cor.Dim.2"	"cor.Dim.3"	"cor.Dim.4"	"cor.Dim.5"	"cor.Dim.6"	"cor.Dim.7"	"cos2.Dim.1"	"cos2.Dim.2"	"cos2.Dim.3"	"cos2.Dim.4"	"cos2.Dim.5"	"cos2.Dim.6"	"cos2.Dim.7"	"contrib.Dim.1"	"contrib.Dim.2"	"contrib.Dim.3"	"contrib.Dim.4"	"contrib.Dim.5"	"contrib.Dim.6"	"contrib.Dim.7"
"QC_04"	-0.121886300770259	0.839223909181005	0.101303724717605	0.0878341128124432	0.433405375888801	0.0530467276956968	0.0272052583769123	-0.121886300770258	0.839223909180996	0.101303724717604	0.0878341128124423	0.433405375888796	0.0530467276956963	0.027205258376912	0.0148562703154578	0.704296769741033	0.01026244464166	0.00771483137354884	0.187840219849309	0.00281395531922135	0.000740126083354539	0.161822114657113	11.2327133149483	0.208930469851176	0.212056301805011	6.01775958163281	0.177048026609258	0.0553238972387568
"QC_05"	-0.0731593707720469	0.825110907131569	0.159539942530112	0.0721686718606721	0.451745714472535	0.049711215748287	0.0205765989199689	-0.0731593707720449	0.825110907131546	0.159539942530108	0.0721686718606702	0.451745714472522	0.0497112157482857	0.0205765989199683	0.00535229353176153	0.680808009067443	0.0254529932625101	0.00520831719813309	0.20407419054429	0.00247120497117261	0.000423396423113243	0.0582999258349572	10.8580949351613	0.518190940574469	0.143160158684781	6.53784059929814	0.15548291065765	0.0316485808707195
"QC_08"	-0.0181168850254468	0.776770650024096	0.304833579371096	0.120781755055045	0.440224359093712	0.0221961362314282	-0.0198983431868365	-0.018116885025447	0.776770650024102	0.304833579371098	0.120781755055046	0.440224359093715	0.0221961362314284	-0.0198983431868367	0.000328221523025265	0.603372642738866	0.0929235111121957	0.014588232354177	0.193797486339472	0.000492668463604128	0.00039594406158113	0.00357515714268207	9.62309101667503	1.89180585277689	0.400984344713662	6.20861006897912	0.0309976418807741	0.0295965364116434
"QC_MA"	-0.146080448053877	0.856185790633745	0.0854669330254586	0.0814060534325053	0.404849432812563	0.0608099418468726	0.034787686236082	-0.146080448053876	0.85618579063374	0.0854669330254581	0.0814060534325048	0.404849432812561	0.0608099418468722	0.0347876862360818	0.0213394973036211	0.733054108083123	0.00730459664077815	0.00662694553545583	0.163903063248653	0.00369784902741998	0.00121018311366008	0.232440747648396	11.6913593732234	0.148712403478965	0.182153762599421	5.25089477703338	0.232660720847844	0.0904603252418228
"SLOPE"	0.263267196662263	-0.193699594814057	-0.426067579064323	-0.513137936569518	-0.15883809770769	-0.22584358979757	-0.0739992526803516	0.263267196662276	-0.193699594814066	-0.426067579064344	-0.513137936569542	-0.158838097707697	-0.225843589797581	-0.0739992526803551	0.0693096168384133	0.0375195330311334	0.181533581929751	0.263310541946847	0.0252295412834	0.051005327052658	0.00547588939725105	0.754955888975378	0.598392859879751	3.6957954844773	7.2375735836505	0.80826839917544	3.20914566039757	0.409318829747499
"bfiws"	0.604269731680272	-0.0736299467766886	0.515718990187758	-0.0681390627290003	-0.135045992267433	0.0202997421666805	-0.138814067768592	0.604269731680293	-0.0736299467766912	0.515718990187776	-0.0681390627290027	-0.135045992267438	0.0202997421666812	-0.138814067768597	0.365141908624974	0.00542136906233838	0.265966076840299	0.00464293186958696	0.0182374200274968	0.000412079532033733	0.0192693454104646	3.97731291562066	0.0864645232920253	5.41473492321067	0.127619505096745	0.5842646968938	0.0259271593455224	1.44036983606196
"elevws"	0.619811314566324	-0.198716965530475	0.612678792008153	-0.250758585180575	0.156754391888062	-0.0417435785175849	-0.0303983629208332	0.619811314566326	-0.198716965530475	0.612678792008155	-0.250758585180576	0.156754391888062	-0.0417435785175851	-0.0303983629208333	0.384166065664437	0.0394884323896402	0.375375302176572	0.062879868041764	0.0245719393761962	0.00174252634745379	0.000924060468266694	4.18453378979224	0.629794511839989	7.64216918997091	1.72836859670589	0.78720107833682	0.109636016259381	0.0690728614198745
"na2ows"	0.824541073533715	-0.0920107654109313	0.100854788315434	-0.094083298732244	0.0828881367951585	0.227236006593959	0.323428064649728	0.82454107353381	-0.0920107654109419	0.100854788315446	-0.0940832987322548	0.0828881367951681	0.227236006593985	0.323428064649765	0.679867981944288	0.00846598095150738	0.0101716883261535	0.00885166710034271	0.0068704432213745	0.0516362026927818	0.104605713003093	7.40547069955965	0.135022537435516	0.207082785376045	0.243304318554903	0.220105553318923	3.24883900106846	7.81920249390306
"sio2ws"	-0.685170662319153	-0.231165847593914	0.239104069554784	-0.504390647189748	0.201820967558868	0.139818505477921	0.0776119525500297	-0.685170662319195	-0.231165847593928	0.239104069554798	-0.504390647189779	0.201820967558881	0.13981850547793	0.0776119525500344	0.469458836502924	0.0534376490938193	0.0571707560776659	0.254409924972524	0.0407317029464027	0.0195492144740819	0.0060236151786288	5.11358638838951	0.85226827423375	1.16392471249617	6.99292378795561	1.30490475297856	1.22999459897415	0.450260941538244
"k2ows"	-0.459776025079102	-0.468821636167137	0.516190341698516	-0.264854462754769	0.21140539339213	0.15548976700597	0.259050147947942	-0.45977602507916	-0.468821636167195	0.51619034169858	-0.264854462754802	0.211405393392156	0.155489767005989	0.259050147947974	0.211393993237592	0.219793726538486	0.266452468862896	0.0701478864411349	0.0446922403552923	0.0241770676435768	0.0671069791518672	2.30261177840282	3.50545398573686	5.42463725324523	1.92814342373607	1.43178685501104	1.52116918355232	5.01619886408172
"fe2o3ws"	0.515738597814881	0.255379592560426	-0.0296031943394856	0.515967767018461	-0.320231754323386	-0.375915083829852	0.146007943469143	0.515738597814927	0.255379592560449	-0.0296031943394882	0.515967767018506	-0.320231754323415	-0.375915083829886	0.146007943469156	0.265986301276107	0.0652187362963408	0.000876349115101506	0.266222736602064	0.102548376477052	0.14131215025083	0.0213183195560922	2.89725919280895	1.04016289589008	0.0178413661427719	7.31762059943286	3.28530000454967	8.89105707077768	1.59352919313211
"p2o5ws"	0.791940137317345	0.28781165273954	-0.330314270104922	0.209966573531326	-0.153952800480988	0.115842397938291	-0.0537538345530499	0.791940137317444	0.287811652739576	-0.330314270104963	0.209966573531352	-0.153952800481007	0.115842397938306	-0.0537538345530566	0.627169181094372	0.0828355474526863	0.109107517034974	0.0440859620004966	0.0237014647759448	0.0134194611600968	0.00288947472915738	6.83144833645322	1.32113051883612	2.22129186508516	1.2117835906812	0.759314042906027	0.84432368215836	0.215986176659671
"al2o3ws"	0.853917975694177	0.00317156770716833	-0.079328994973403	-0.00488823622913964	0.0323989301525573	0.280032621970972	0.174971381794422	0.853917975694328	0.00317156770716889	-0.079328994973417	-0.00488823622914051	0.032398930152563	0.280032621971022	0.174971381794453	0.729175909213899	1.00588417211565e-05	0.00629308944349242	2.38948534318818e-05	0.00104969067503066	0.0784182693679652	0.0306149844470601	7.94255792876879	0.000160426811805052	0.128119388718201	0.000656793908459061	0.0336285068367228	4.93390913028003	2.28844826794641
"caows"	0.826427202575668	0.23232203465401	-0.302347090336231	0.198039706711662	-0.0569705529161528	0.0619876028435978	-0.226132068341043	0.826427202575594	0.232322034653989	-0.302347090336204	0.198039706711644	-0.0569705529161477	0.0619876028435922	-0.226132068341022	0.682981921156921	0.0539735277857692	0.0914137630347685	0.0392197254344338	0.00324564389957159	0.00384246290629492	0.0511357123321887	7.43938932231271	0.860814915333152	1.86106928013907	1.07802614609962	0.10397935378742	0.241759515594279	3.82235805212382
"mgows"	0.702504153793625	0.301383557337327	-0.425150689754806	0.1997903669575	0.00895313795647176	0.030426254171084	-0.201456538134729	0.702504153793567	0.301383557337302	-0.425150689754771	0.199790366957483	0.00895313795647102	0.0304262541710815	-0.201456538134712	0.493512086097216	0.0908320486332868	0.180753108998957	0.0399161907290058	8.01586792676021e-05	0.000925756942883256	0.0405847367572227	5.37558671761723	1.44866540064135	3.67990603690211	1.09716977316692	0.00256801051766597	0.0582466390769407	3.03368014763418
"sws"	-0.633532647574023	-0.123629985330722	0.112234362541089	0.309972519799801	0.143643568304003	0.047418831736468	-0.354600255106261	-0.633532647574023	-0.123629985330722	0.112234362541089	0.3099725197998	0.143643568304003	0.047418831736468	-0.354600255106261	0.401363615542151	0.0152843732728746	0.0125965521350046	0.0960829630310375	0.0206334747151067	0.00224854560325146	0.125741340921425	4.37185832206316	0.243767954857983	0.256449963723808	2.64101661076961	0.661026111813647	0.141473661318385	9.39907561732011
"nws"	-0.646326874482704	-0.0157116933417709	0.569548363676858	0.237296040946267	-0.0949997122244865	-0.0889364419418728	-0.00803215930412046	-0.646326874482803	-0.0157116933417734	0.569548363676946	0.237296040946303	-0.0949997122245012	-0.0889364419418865	-0.0080321593041217	0.417738428678709	0.000246857307665926	0.324385338567087	0.0563094110487897	0.00902494532273803	0.00790969070528255	6.45155830867887e-05	4.5502211838438	0.00393708658883953	6.60407764096538	1.54776752538764	0.289128447747614	0.497660755625256	0.00482249385511932
"hydrlcondws"	-0.108425209132814	0.146347270893565	0.304781925882848	0.636833531364525	-0.0233974089952024	-0.319918663457375	0.182159388250399	-0.108425209132815	0.146347270893565	0.304781925882849	0.636833531364527	-0.0233974089952025	-0.319918663457376	0.1821593882504	0.0117560259754946	0.0214175236979946	0.0928920223448582	0.405556946670214	0.000547438747688782	0.102347951228354	0.0331820427277598	0.128052663483042	0.341584562008055	1.891164781065	11.1474771278967	0.0175380691733857	6.43951333153869	2.48033404487272
"compstrgthws"	0.742769232893208	0.0771314694731958	-0.430989656809194	0.0378484320988605	0.194273259284999	-0.0430249358619152	-0.137026108786672	0.742769232893111	0.0771314694731857	-0.430989656809138	0.0378484320988556	0.194273259284974	-0.0430249358619096	-0.137026108786654	0.551706133332621	0.00594926358309298	0.185752084276458	0.00143250381234168	0.0377420992732066	0.00185114510592143	0.0187761544892119	6.00946612234915	0.0948838261583018	3.78167888830115	0.0393749968156587	1.20912805422893	0.116470075317878	1.40350416619871
"wetindexws"	0.062927683529889	-0.252320615514939	0.500916149971245	0.523982359966697	-0.239461944402931	0.256864193476265	0.0380184841241688	0.0629276835298887	-0.252320615514938	0.500916149971243	0.523982359966695	-0.23946194440293	0.256864193476264	0.0380184841241686	0.00395989335443783	0.063665693013837	0.250916989302013	0.274557513556267	0.0573420228172321	0.0659792138902115	0.00144540513509966	0.0431331890726992	1.01539366407272	5.10835442226868	7.54671724350837	1.83704271383108	4.15127046854616	0.108043003700383
"kffactws"	0.195620451467862	-0.585903627031427	-0.0158034320376661	0.380141287635642	0.34229183342892	-0.129528905300329	-0.0490037290773538	0.195620451467868	-0.585903627031445	-0.0158034320376666	0.380141287635654	0.34229183342893	-0.129528905300333	-0.0490037290773554	0.0382673610324924	0.343283060168603	0.000249748464169148	0.144507398565293	0.117163699232138	0.0167777373083026	0.00240136546348684	0.416827720089433	5.47496505225998	0.0050845647197591	3.9720511103174	3.75352506635326	1.0556192065712	0.179500356929043
"pctcarbresidws"	0.000647657829749901	0.0511851885297603	0.0889406020339116	0.0813783276272167	0.108494408697632	-0.122366036885148	-0.269548716980538	0.000647657829749538	0.0511851885297316	0.0889406020338618	0.0813783276271711	0.108494408697571	-0.122366036885079	-0.269548716980387	4.19460664435882e-07	0.00261992352482416	0.00791043069014577	0.0066224322073952	0.0117710367186356	0.0149734469829606	0.0726565108257726	4.56898065888988e-06	0.0417847292871895	0.161046423004314	0.182029705493118	0.377103844193886	0.942097133442761	5.43102240153125
"pctglactilloamws"	-0.0136022681742645	0.143701188443089	0.152545513509134	0.103960579990591	0.169915412694301	-0.0597141258584082	-0.112865000346781	-0.013602268174257	0.14370118844301	0.15254551350905	0.103960579990534	0.169915412694208	-0.0597141258583754	-0.112865000346719	0.000185021699484406	0.0206500315599335	0.0232701336917398	0.0108078021919683	0.0288712474710429	0.0035657768270299	0.012738508303265	0.00201535123098149	0.329343956160564	0.473750664240726	0.297072282270389	0.924936236989753	0.224351021582687	0.95219441686404
"pcteolfinews"	-0.047967721714269	-0.0163678682623302	0.00420867536270217	0.144594089843265	-0.0414005973703048	-0.164287851995669	-0.173168112430542	-0.047967721714264	-0.0163678682623285	0.00420867536270173	0.14459408984325	-0.0414005973703004	-0.164287851995652	-0.173168112430523	0.00230090232645707	0.000267907111452939	1.77129483086125e-05	0.0209074508175979	0.00171400946261773	0.0269904983133452	0.0299871951627504	0.0250626080557656	0.004272806446484	0.000360613356933059	0.574679663868188	0.0549110135995032	1.69818420034525	2.24152146637447
"pctglactilcrsws"	0.01460061225591	0.211415206234445	0.257831321308182	-0.129921933503359	-0.20421322963624	-0.212742666690296	-0.0555923424371827	0.0146006122558891	0.211415206234142	0.257831321307813	-0.129921933503173	-0.204213229635948	-0.212742666689991	-0.055592342437103	0.000213177878246818	0.0446963894270249	0.0664769902473325	0.0168797088052028	0.0417030431583443	0.0452594422303687	0.00309050853764412	0.00232204276871706	0.712855361857038	1.35338793939259	0.463969781252707	1.33602317837689	2.84762692485202	0.231013310566853
"pctcolluvsedws"	0.0240795932406477	0.00765033174722563	-0.0441456678085465	-0.0090317277352664	0.00932497160659905	0.0327253460150446	-0.111764768314816	0.0240795932406453	0.00765033174722488	-0.0441456678085421	-0.00903172773526551	0.00932497160659813	0.0327253460150413	-0.111764768314805	0.00057982681063493	5.85275758425968e-05	0.00194883998626215	8.15721058839643e-05	8.69550954638614e-05	0.00107094827180418	0.012491363436462	0.00631577095997117	0.000933446678593505	0.0396759318283368	0.00224215906565515	0.0027857444977403	0.0673817657403409	0.933720514211185
"pcteolcrsws"	-0.0503824844636373	-0.0738874575956229	0.0910552463092612	0.086200230285481	-0.127540818059669	0.169515231992226	-0.0919776639594141	-0.0503824844635838	-0.0738874575955445	0.0910552463091645	0.0862002302853895	-0.127540818059533	0.169515231992046	-0.0919776639593165	0.00253839474072326	0.00545935638993338	0.00829105788042262	0.00743047970125417	0.016266660271295	0.0287354138773172	0.00845989066741294	0.0276494972194868	0.0870703769306371	0.168795514032944	0.204240374130648	0.521128280128113	1.80797054098136	0.632370797979099
"pctsallakews"	-0.0826400366504203	-0.120757236233908	0.210400575334953	0.177188418401386	-0.192208214426656	0.263319105243211	-0.172359451996483	-0.0826400366504387	-0.120757236233935	0.210400575335	0.177188418401425	-0.192208214426699	0.26331910524327	-0.172359451996521	0.00682937565758585	0.0145823101028583	0.0442684021012988	0.0313957356155985	0.0369439976930998	0.0693369511861163	0.0297077806925411	0.0743890618056367	0.232570864857487	0.901249007769045	0.862969424051851	1.1835596033678	4.36253208952711	2.22063543386512
"pctextruvolws"	0.213745661786999	0.330809224085637	0.159674066546616	-0.111529937498037	-0.363344722982174	0.0293196673594284	-0.171161987383986	0.213745661786573	0.330809224084977	0.159674066546297	-0.111529937497815	-0.363344722981449	0.0293196673593699	-0.171161987383644	0.0456872079325798	0.109434742739704	0.0254958075274313	0.0124389269582665	0.132019387718466	0.0008596428940641	0.0292964259251189	0.497648497467503	1.74535670857484	0.519062585179593	0.341906740599276	4.22945062588082	0.054086885084387	2.18988695818488
"pctglaclakecrsws"	-0.316855294504333	0.00648149540564479	-0.0614290191589383	0.443925759710465	-0.306262888175749	0.356782981329247	0.0804376825844883	-0.316855294504526	0.00648149540564873	-0.0614290191589757	0.443925759710736	-0.306262888175935	0.356782981329464	0.0804376825845373	0.10039727765555	4.20097826934457e-05	0.0037735243948338	0.197070080134754	0.0937969566738655	0.127294095766341	0.00647022077957078	1.09357863252622	0.000670007113040825	0.076824212196578	5.41683289838619	3.00493438095563	8.0090711819294	0.483644391909815
"pctalkintruvolws"	0.0617635673517341	0.152862577252532	0.219037516621348	-0.120590331575716	-0.172695341218823	0.227712202245074	0.00192445183336614	0.0617635673516724	0.152862577252379	0.219037516621129	-0.120590331575596	-0.172695341218651	0.227712202244847	0.00192445183336422	0.00381473825200457	0.0233669675242395	0.0479774336875515	0.0145420280695122	0.0298236808786263	0.0518528470511981	3.70351485893891e-06	0.0415520852607046	0.372675920885624	0.976760227472677	0.399714335136918	0.955448952898612	3.26246979893227	0.000276835096190497
"pctglaclakefinews"	-0.0520523453384739	0.0122113391069103	0.154091971803261	0.0344088977439827	-0.118050852235693	0.095024919526105	-0.328284200996836	-0.0520523453384836	0.0122113391069125	0.15409197180329	0.0344088977439892	-0.118050852235715	0.0950249195261228	-0.328284200996898	0.00270944665523676	0.000149116802784012	0.023744335774226	0.0011839722439563	0.0139360037135786	0.00902973533094612	0.107770516624171	0.0295126823887068	0.00237823935601709	0.483404822421405	0.0325436504489096	0.446461998097652	0.568131558531515	8.05576930900427
"pctalluvcoastws"	-0.133617441366048	-0.0152785946089068	0.2410919305502	0.367889093122249	-0.156048865289176	-0.612190737281772	0.237667812707851	-0.133617441366018	-0.0152785946089033	0.241091930550146	0.367889093122166	-0.156048865289141	-0.612190737281634	0.237667812707797	0.0178536206372013	0.000233435453223209	0.0581253189763964	0.13534238483825	0.0243512483580286	0.37477749881343	0.0564859891973086	0.194470791420168	0.00372302364039893	1.1833584129355	3.72013388454401	0.780130891290846	23.5801955095935	4.22228743462052
"pctsilicicws"	0.689884409768486	-0.175653455300138	-0.107379177167408	0.0798393567100556	0.258593501869265	0.0726919337469661	0.386758027194285	0.689884409768656	-0.175653455300181	-0.107379177167434	0.0798393567100753	0.258593501869328	0.072691933746984	0.38675802719438	0.475940498841846	0.0308541363588927	0.0115302876891552	0.00637432287987864	0.0668705992090424	0.00528411723187591	0.149581771599289	5.18418797841696	0.492087544895346	0.234742160228941	0.175209965191455	2.14230578223536	0.332465310264414	11.1811308192767
"pctcoastcrsws"	-0.0679664615335529	0.0329083055741545	-0.00271213960663096	0.0387271210762939	-0.0725128601861835	-0.0647690687677726	0.169442582278264	-0.067966461533458	0.0329083055741085	-0.00271213960662717	0.0387271210762398	-0.0725128601860822	-0.0647690687676821	0.169442582278027	0.00461943989337902	0.0010829565757589	7.35570124583579e-06	0.00149978990685374	0.0052581148923663	0.00419503226903273	0.0287107886890459	0.0503173081942577	0.0172718962668883	0.00014975282898413	0.0412244786351653	0.168452056222759	0.263942422867603	2.14611099217262
"pctnoncarbresidws"	-0.653115123822348	-0.0116886824046736	-0.164803977499749	-0.35987444424969	0.225200041904998	-0.146059946686846	-0.281684328470808	-0.653115123821664	-0.0116886824046614	-0.164803977499576	-0.359874444249313	0.225200041904762	-0.146059946686693	-0.281684328470513	0.426559364964588	0.000136625296357041	0.0271603509996808	0.129509615623752	0.0507150588739066	0.0213335080261196	0.0793460609058838	4.64630334530775	0.00217901437502826	0.552950597429972	3.55980951593826	1.6247374056365	1.3422585180671	5.93106150234616
"runoffws"	-0.452018100424724	0.567546817676395	-0.379932594838824	-0.16510807678188	-0.247197870742608	0.019132462509024	0.13292182393713	-0.452018100424706	0.567546817676372	-0.379932594838809	-0.165108076781874	-0.247197870742598	0.0191324625090232	0.132921823937125	0.204320363111559	0.322109390254577	0.144348776620951	0.0272606770186091	0.0611067872996741	0.000366051121659179	0.017668211278772	2.22556217167248	5.13726967413619	2.9387596011413	0.749309748115499	1.95765291943565	0.0230311505961652	1.32068620085539
"clayws"	-0.216582955400361	-0.474187413934591	-0.299884612520724	0.148831965465078	0.482173509581482	0.0912841640059145	0.097561617682945	-0.216582955400351	-0.474187413934568	-0.299884612520709	0.148831965465071	0.482173509581459	0.0912841640059102	0.0975616176829404	0.0469081765699504	0.224853703533954	0.0899307808266961	0.0221509539441962	0.232491293342102	0.00833279859825791	0.00951826924491223	0.510947913983567	3.5861547264091	1.83087762694784	0.608859629902574	7.44822759086484	0.524281795761524	0.711483842333567
"sandws"	0.1115892232436	0.288042398146151	0.514101455223379	-0.35356593442406	-0.340610220702189	-0.0693073120583182	0.203512984392468	0.111589223243595	0.288042398146139	0.514101455223359	-0.353565934424046	-0.340610220702175	-0.0693073120583154	0.20351298439246	0.0124521547441089	0.0829684231297788	0.264300306262775	0.125008869985149	0.116015322446784	0.00480350350474872	0.0414175348163257	0.135635255009651	1.32324973115079	5.38082192863964	3.43609826039289	3.7167349933389	0.302226126519235	3.09593120901205
"rckdepws"	-0.286968930222188	0.425647336046889	0.156289732597656	0.0631302525403455	-0.464560378747024	0.108529908066463	-0.137288094525296	-0.286968930222193	0.425647336046896	0.156289732597658	0.0631302525403465	-0.464560378747031	0.108529908066465	-0.137288094525298	0.0823511669128696	0.181175654683819	0.0244264805154476	0.00398542878580793	0.215816345501585	0.0117787409449152	0.0188480208983872	0.897011140168531	2.8895407108847	0.49729243168685	0.109546825912911	6.91401917042555	0.741093089145372	1.40887612906456
"omws"	-0.214793886583113	0.512400087928421	-0.305541064658054	-0.29876121221554	-0.0965448276892064	0.120985578399356	0.170743724961428	-0.214793886583118	0.512400087928433	-0.305541064658061	-0.298761212215546	-0.0965448276892086	0.120985578399359	0.170743724961432	0.0461364137134812	0.262553850109065	0.0933553421923815	0.0892582619245028	0.00932090375353899	0.0146375101806274	0.029153419613705	0.502541477186388	4.1874281619881	1.90059739062478	2.45342717329478	0.29860994582167	0.920960711156542	2.17919733831925
"wtdepws"	0.394197864130561	-0.0368991004844187	-0.0231515645280353	-0.511905755886325	0.325054240293199	-0.404648380788755	-0.045614538676555	0.394197864130228	-0.0368991004843875	-0.0231515645280157	-0.511905755885892	0.325054240292925	-0.404648380788414	-0.0456145386765165	0.155391956084834	0.00136154361655692	0.000535994940094876	0.262047502909107	0.10566025913241	0.163740312074685	0.00208068613867142	1.69260887157061	0.0217150351495022	0.0109121830696616	7.20285663725064	3.38499410458004	10.3021888553928	0.155529805949311
"permws"	0.0192991496445274	0.538647120540989	0.398913964454159	-0.182464641770208	-0.443344143117755	-0.0378563720115805	0.0747833678195048	0.019299149644528	0.538647120541005	0.398913964454171	-0.182464641770214	-0.443344143117768	-0.0378563720115816	0.0747833678195071	0.000372457177001886	0.290140720467116	0.159132351036544	0.0332933454963324	0.196554029236828	0.00143310490187926	0.00559255210242769	0.00405699457009385	4.6274066189424	3.239734588737	0.915128714915844	6.29692029586237	0.0901678832881987	0.418039283813304
"precip9120ws"	-0.315787147056168	0.668666545124418	-0.364125507621418	-0.299248311142204	-0.189901468271012	-0.0167602572719788	0.115302416218626	-0.315787147056169	0.668666545124421	-0.364125507621419	-0.299248311142205	-0.189901468271013	-0.0167602572719789	0.115302416218626	0.0997215222458746	0.447114948568629	0.132587385300556	0.0895495517214621	0.0360625676514864	0.00028090622382292	0.0132946471858533	1.08621795807409	7.13096275870443	2.69931246154838	2.46143380806184	1.15532159298527	0.0176740164459566	0.993765401973175
"tmax9120ws"	-0.523633879686978	-0.269148827383818	-0.376407028198827	0.372185090401615	0.000107907020794972	0.0411583242250674	0.0878853289864671	-0.523633879686977	-0.269148827383818	-0.376407028198827	0.372185090401615	0.000107907020794972	0.0411583242250674	0.087885328986467	0.274192439956036	0.072441091282084	0.141682250877472	0.138521741517258	1.16439251368465e-08	0.00169400765301577	0.00772383105105955	2.98664466346653	1.15535104738992	2.88447248964781	3.80752433895734	3.73031622920183e-07	0.106583324183842	0.577350866249143
"tmean9120ws"	-0.615266108760651	-0.0197780525288539	-0.601737944641508	0.273967309052942	-0.0515700663360378	0.0115345331553067	0.121611344121766	-0.615266108760653	-0.0197780525288539	-0.601737944641509	0.273967309052942	-0.0515700663360379	0.0115345331553068	0.121611344121766	0.378552384589475	0.000391171361834106	0.362088554021388	0.0750580864297104	0.00265947174190335	0.000133045455110871	0.0147893190191025	4.12338669679573	0.00623872769729719	7.3716677030652	2.06310928368655	0.0852003983479105	0.00837093436267773	1.10549105624759
"tmin9120ws"	-0.5874920538987	0.184397893400755	-0.683919880805885	0.149596397443016	-0.084689437129498	-0.0142402558351062	0.128700440697132	-0.587492053898702	0.184397893400756	-0.683919880805887	0.149596397443016	-0.0846894371294983	-0.0142402558351062	0.128700440697132	0.345146913394116	0.0340025830906366	0.467746403361538	0.0223790821279288	0.00717230076131124	0.000202784886249278	0.0165638034356361	3.75951717401747	0.542301603861193	9.52272867117881	0.615130151789186	0.229776038717145	0.0127587896266068	1.23813250169851
"wsareasqkmws"	0.00344611883511404	0.518582517038839	0.36594001292161	0.302008306769208	0.549014169099724	0.0661952329645253	-0.00534447353182772	0.00344611883511404	0.518582517038839	0.365940012921609	0.302008306769208	0.549014169099723	0.0661952329645252	-0.00534447353182772	1.18757350257277e-05	0.268927826978337	0.133912093057068	0.0912090173576038	0.30141655787226	0.00438180886722777	2.8563397332407e-05	0.000129356595845674	4.28908567047718	2.72628184590541	2.50704726722044	9.65635783781376	0.275694005381819	0.00213509359330451
