"coord.Dim.1"	"coord.Dim.2"	"coord.Dim.3"	"coord.Dim.4"	"cor.Dim.1"	"cor.Dim.2"	"cor.Dim.3"	"cor.Dim.4"	"cos2.Dim.1"	"cos2.Dim.2"	"cos2.Dim.3"	"cos2.Dim.4"	"contrib.Dim.1"	"contrib.Dim.2"	"contrib.Dim.3"	"contrib.Dim.4"
"QC_04"	0.405727628400308	0.164122759896946	0.864316830902394	-0.19863664258976	0.405727628400308	0.164122759896946	0.864316830902393	-0.198636642589759	0.164614908447339	0.0269362803161905	0.747043584181156	0.0394565157793318	1.88500646862585	0.408473608524467	15.2148159142877	1.12465980418245
"QC_05"	0.405764239514219	0.168278514439613	0.864312189565088	-0.192153276814292	0.405764239514219	0.168278514439613	0.864312189565089	-0.192153276814292	0.164644618068552	0.0283176584220032	0.747035561030798	0.03692288179047	1.88534667370628	0.429421434022065	15.2146525091553	1.05244166100631
"QC_08"	0.360693521669045	0.162367411668566	0.884777653747029	-0.191568434431256	0.360693521669045	0.162367411668567	0.88477765374703	-0.191568434431257	0.130099816574018	0.0263631763719498	0.782831496570099	0.0366984650704426	1.48977391004359	0.399782808108979	15.9436977499456	1.04604493642442
"QC_MA"	0.359419054127619	0.144855324656693	0.883456547077272	-0.195086698192863	0.359419054127619	0.144855324656693	0.883456547077272	-0.195086698192863	0.129182056469993	0.020983065081396	0.780495470573697	0.0380588198117933	1.47926463266981	0.318196432881261	15.8961205988143	1.08482018727482
"SLOPE"	0.276933082590891	-0.0438119010912795	-0.305887810519602	-0.0413177404700821	0.27693308259089	-0.0438119010912794	-0.305887810519601	-0.041317740470082	0.0766919322332926	0.00191948267723205	0.0935673526244753	0.00170715567755305	0.878199852703013	0.0291078800215006	1.90565862007781	0.0486603880779433
"wetindexws"	-0.279037689971725	-0.144807648447602	0.272557950678597	0.160826527790658	-0.279037689971725	-0.144807648447603	0.272557950678597	0.160826527790658	0.0778620324247567	0.0209692550489245	0.0742878364781167	0.0258651720411993	0.891598678183969	0.317987011471501	1.51299841216649	0.737255146543837
"na2ows"	0.774921390805303	-0.468537887456216	0.0190468050870861	0.288150610305049	0.774921390805303	-0.468537887456216	0.0190468050870861	0.288150610305049	0.600503161927625	0.219527751981934	0.000362780784025448	0.0830307742191722	6.87636590962822	3.32901543831299	0.00738864902004119	2.36669083496131
"rckdepws"	0.0888732602447306	-0.205059743762127	0.0786467531378148	0.250050351556907	0.0888732602447304	-0.205059743762126	0.0786467531378146	0.250050351556906	0.00789845638652758	0.0420494985117889	0.00618531177912036	0.0625251783137324	0.0904452793564969	0.637657100094502	0.125974417135174	1.78220386189371
"pctglactilcrsws"	0.55285276904639	0.0466304546315782	-0.334340050739429	-0.565600851281171	0.552852769046388	0.046630454631578	-0.334340050739428	-0.565600851281168	0.305646184242259	0.00217439929914765	0.111783269528443	0.319904322969982	3.49995659470772	0.0329735478570165	2.27665681653195	9.11848210928457
"sio2ws"	0.135674683427096	-0.91570753529828	0.0961495600539921	-0.19148147505646	0.135674683427095	-0.915707535298276	0.0961495600539917	-0.191481475056459	0.0184076197230425	0.838520290202044	0.00924473789857615	0.0366651552897972	0.210785782267348	12.71569068703	0.188284844795036	1.04509548179981
"k2ows"	0.318037884092425	-0.900822292627455	0.0893183952231886	-0.0806017619467625	0.318037884092425	-0.900822292627453	0.0893183952231885	-0.0806017619467624	0.101148095717986	0.811480802894581	0.0079777757252457	0.00649664402892255	1.15824755191348	12.3056520022717	0.162481000620778	0.185178905361898
"clayws"	0.608530849598161	0.171684321781555	-0.338195787910514	-0.581841419702744	0.608530849598161	0.171684321781555	-0.338195787910515	-0.581841419702744	0.37030979491266	0.0294755063455924	0.114376390960414	0.338539437681705	4.24042005301836	0.446979549467827	2.32947015442314	9.6496532998634
"hydrlcondws"	-0.468010646816939	0.678524433731427	0.0900775080024386	-0.234348510725984	-0.468010646816941	0.67852443373143	0.090077508002439	-0.234348510725985	0.219033965534012	0.460395407170558	0.00811395744792946	0.0549192244794871	2.50815947215658	6.98163855987238	0.165254573522544	1.56540543504618
"runoffws"	0.233168801492257	0.0594615896565439	0.104642152841072	0.444790024367585	0.233168801492257	0.059461589656544	0.104642152841072	0.444790024367586	0.0543676899893356	0.00353568064448322	0.0109499801512143	0.197838165776918	0.622564798539662	0.0536166172347889	0.223015009824955	5.63913534653845
"pctglaclakecrsws"	-0.501102337025478	-0.0238279101964278	0.319900007131237	0.565290850896321	-0.501102337025482	-0.0238279101964279	0.319900007131239	0.565290850896325	0.251103552172399	0.000567769304329034	0.102336014562567	0.319553746107091	2.87538853317965	0.00860990358825842	2.08424736647457	9.10848934387713
"fe2o3ws"	0.157670056942454	0.890926803494859	-0.106940341836819	0.320383335190309	0.157670056942455	0.890926803494861	-0.106940341836819	0.32038333519031	0.0248598468562368	0.793750569185571	0.0114362367121758	0.102645481467666	0.284670280323033	12.03678293579	0.232918453504553	2.92578411467615
"bfiws"	-0.250443046958037	-0.445050701920264	0.117998359407879	0.462935707204758	-0.250443046958037	-0.445050701920264	0.117998359407879	0.462935707204759	0.0627217197696257	0.19807012727972	0.013923612822951	0.21430946900517	0.718226852016293	3.00362257450288	0.283578107688619	6.1086297328882
"p2o5ws"	-0.388994658408274	0.786637974290618	-0.0574482282106746	0.0855096703495481	-0.388994658408273	0.786637974290615	-0.0574482282106743	0.0855096703495477	0.151316844270169	0.618799302596042	0.00330029892454572	0.00731190372328832	1.7327302426716	9.38374493867673	0.0672162128989098	0.208416887482549
"al2o3ws"	0.824418326423457	-0.104922489432276	-0.0269214605987047	0.387417832514465	0.824418326423456	-0.104922489432276	-0.0269214605987047	0.387417832514464	0.679665576942852	0.0110087287886661	0.00072476504076761	0.150092576950206	7.78285527795592	0.166941207946621	0.0147610754042918	4.27820563645613
"omws"	0.247113631011518	0.144181960889728	-0.0588224699875741	-0.00533726705087206	0.247113631011518	0.144181960889728	-0.0588224699875742	-0.00533726705087206	0.0610651466316966	0.020788437846007	0.00346008297543906	2.84864195723246e-05	0.699257421420963	0.315245019834497	0.0704704874444113	0.000811970606762281
"pctglaclakefinews"	-0.377643107257975	0.0616574361138247	0.0951065370509243	-0.0764532698096447	-0.377643107257967	0.0616574361138235	0.0951065370509225	-0.0764532698096432	0.142614316459453	0.00380163942813022	0.00904525338981848	0.0058451024645861	1.63307753580979	0.0576497332701102	0.184222002756412	0.166607508630843
"compstrgthws"	0.780050699083176	-0.397094013128373	-0.0238855673629527	0.246765246109563	0.780050699083172	-0.397094013128371	-0.0238855673629526	0.246765246109562	0.608479093140146	0.157683655262395	0.000570520328250145	0.0608930866875126	6.96769835375942	2.39118434001611	0.0116196189265178	1.73568308294259
"kffactws"	0.463837976246253	-0.103088504801122	-0.137463794832416	0.26059155336685	0.463837976246253	-0.103088504801122	-0.137463794832417	0.26059155336685	0.21514566820822	0.0106272398221309	0.0188962948897287	0.0679079576861478	2.46363455226817	0.161156141376785	0.38485525382626	1.93563341529864
"wtdepws"	0.0851938413919965	-0.0679199563764672	0.144753634494261	0.574519143434003	0.0851938413919966	-0.0679199563764673	0.144753634494262	0.574519143434004	0.00725799061112468	0.00461312047418122	0.0209536146992983	0.330072246172142	0.0831113012802995	0.0699553889597102	0.426756078412992	9.40830634468929
"caows"	0.309966446314571	0.790319591956312	-0.102353655369358	0.373103426456329	0.309966446314571	0.790319591956312	-0.102353655369358	0.373103426456329	0.0960791978408841	0.624605057429991	0.0104762707674694	0.139206166833454	1.10020356685001	9.47178595990875	0.213367110795811	3.96790180885436
"mgows"	-0.0588138517466366	0.94516787482004	-0.020607565558937	0.173223312308366	-0.0588138517466365	0.945167874820039	-0.0206075655589369	0.173223312308366	0.00345906915727533	0.893342311591829	0.000424671758265884	0.0300063159270816	0.0396098251269514	13.547035944832	0.00864916420250721	0.855293396495635
"permws"	-0.688889316546974	-0.111075565999839	0.297479106956208	0.480549788089155	-0.688889316546975	-0.111075565999839	0.297479106956208	0.480549788089155	0.474568490452558	0.0123377813621847	0.0884938190754629	0.230928098832532	5.4342871052609	0.187095546045691	1.8023274616049	6.58232348405341
"pctsilicicws"	0.141317656735532	-0.220640847745449	0.378719200839406	0.144649032898749	0.141317656735533	-0.220640847745451	0.378719200839409	0.14464903289875	0.0199706801052219	0.0486823836938314	0.14342823308444	0.0209233427185436	0.228684397642168	0.738241089919128	2.9211604376246	0.596394335888256
"elevws"	0.804740686208616	0.304457114998515	-0.0955787972343416	-0.0376991797091986	0.804740686208616	0.304457114998515	-0.0955787972343416	-0.0376991797091986	0.647607572039514	0.0926941348732189	0.00913530648076338	0.00142122815074645	7.41575883946193	1.40565465299079	0.186056087447382	0.0405103730561622
"sandws"	-0.491785639229077	0.0246869107182984	0.345228211113952	0.337072908325548	-0.491785639229078	0.0246869107182985	0.345228211113952	0.337072908325548	0.241853114951952	0.000609443560813239	0.119182517748939	0.113618145527043	2.76946171183265	0.00924187035311452	2.42735511842868	3.23854650559267
"sws"	-0.686591265118646	0.0163567111555113	0.154746640968657	-0.33680138556047	-0.686591265118649	0.0163567111555113	0.154746640968658	-0.336801385560471	0.471407565337226	0.000267541999824828	0.0239465228910826	0.113435173315453	5.39809132964467	0.00405712462216292	0.487711755097203	3.23333110611823
"nws"	-0.734155668260268	0.191298444881152	0.167737108081021	-0.454214931812284	-0.734155668260269	0.191298444881153	0.167737108081021	-0.454214931812284	0.538984545238682	0.0365950950139474	0.0281357374273841	0.206311204281238	6.17191579940827	0.554944125141804	0.573032249570294	5.88064896315868
"precip9120ws"	0.453816222474431	0.488152091402269	-0.0617703090922088	0.256134929484766	0.453816222474431	0.488152091402269	-0.0617703090922088	0.256134929484766	0.205949163780962	0.238292464340409	0.00381557108534701	0.0656051021021662	2.35832531571338	3.61357179427662	0.0777106087258172	1.86999332876324
"tmax9120ws"	-0.464636283930588	-0.128152782638162	0.249570535281664	0.0697326470116547	-0.464636283930588	-0.128152782638162	0.249570535281664	0.0697326470116547	0.215886876344826	0.0164231356979041	0.0622854520807761	0.00486264205925204	2.47212213182752	0.249047657028489	1.26854939606494	0.138603674403314
"tmean9120ws"	-0.770718052195361	-0.362484311319121	0.0238588559781944	-0.0523183460111368	-0.770718052195361	-0.36248431131912	0.0238588559781944	-0.0523183460111368	0.594006315979811	0.131394875952497	0.00056924500858822	0.00273720932934103	6.80197048121408	1.99252972169587	0.011593644867843	0.0780208096822275
"tmin9120ws"	-0.704945468919774	-0.362762328475112	-0.0592385923698907	-0.0827638634356754	-0.704945468919774	-0.362762328475112	-0.0592385923698907	-0.0827638634356755	0.496948114150521	0.131596506960685	0.00350921082596607	0.00684985709079914	5.69055633284163	1.9955873430355	0.0714710598579371	0.195246812402308
"wsareasqkmws"	0.318583786058097	0.123187366786801	0.858877033435462	-0.187388073759333	0.318583786058097	0.123187366786801	0.858877033435462	-0.187388073759334	0.101495628739111	0.0151751273358659	0.7376697585629	0.0351142901872334	1.16222715497046	0.230122309017315	15.0239019780537	1.0008899657244
